u	b	c
-5.0	-1.50522e-10	1.52341e-11
-5.0	-1.38017e-10	1.36425e-11
-5.0	-1.26875e-10	1.25056e-11
-5.0	-1.15961e-10	1.13687e-11
-5.0	-1.06184e-10	1.02319e-11
-5.0	-9.7089e-11	9.32238e-12
-5.0	-8.86762e-11	8.41288e-12
-5.0	-8.09455e-11	7.27601e-12
-5.0	-7.36695e-11	6.82124e-12
-5.0	-6.70757e-11	5.91174e-12
-4.636363636363637	-3.60957e-12	-1.19372e-12
-4.636363636363637	-2.94877e-12	-1.29319e-12
-4.636363636363637	-2.65034e-12	-1.34293e-12
-4.636363636363637	-1.97177e-12	-1.45307e-12
-4.636363636363637	-1.7586e-12	-1.48859e-12
-4.636363636363637	-1.42642e-12	-1.533e-12
-4.636363636363637	-1.29142e-12	-1.533e-12
-4.636363636363637	-1.17596e-12	-1.52057e-12
-4.636363636363637	-9.77891e-13	-1.4806e-12
-4.636363636363637	-7.42965e-13	-1.43619e-12
-4.2727272727272725	-9.88103e-14	-1.53345e-12
-4.2727272727272725	-9.91433e-14	-1.53078e-12
-4.2727272727272725	-9.86993e-14	-1.52823e-12
-4.2727272727272725	-9.77001e-14	-1.52579e-12
-4.2727272727272725	-9.64788e-14	-1.52345e-12
-4.2727272727272725	-9.47025e-14	-1.52068e-12
-4.2727272727272725	-9.21489e-14	-1.51824e-12
-4.2727272727272725	-8.89293e-14	-1.51646e-12
-4.2727272727272725	-8.57097e-14	-1.51524e-12
-4.2727272727272725	-8.249e-14	-1.5138e-12
-3.909090909090909	3.53053e-14	-1.52035e-12
-3.909090909090909	3.97462e-14	-1.52479e-12
-3.909090909090909	4.44091e-14	-1.52856e-12
-3.909090909090909	4.92941e-14	-1.53211e-12
-3.909090909090909	5.46232e-14	-1.53633e-12
-3.909090909090909	5.92863e-14	-1.54055e-12
-3.909090909090909	6.32831e-14	-1.54411e-12
-3.909090909090909	6.79461e-14	-1.54699e-12
-3.909090909090909	7.28311e-14	-1.54943e-12
-3.909090909090909	7.83822e-14	-1.5521e-12
-3.5454545454545454	9.08167e-14	-1.61694e-12
-3.5454545454545454	1.01475e-13	-1.61472e-12
-3.5454545454545454	1.11689e-13	-1.61316e-12
-3.5454545454545454	1.21459e-13	-1.61183e-12
-3.5454545454545454	1.30563e-13	-1.61005e-12
-3.5454545454545454	1.40333e-13	-1.60783e-12
-3.5454545454545454	1.50325e-13	-1.60561e-12
-3.5454545454545454	1.60539e-13	-1.60406e-12
-3.5454545454545454	1.70309e-13	-1.60272e-12
-3.5454545454545454	1.79413e-13	-1.60073e-12
-3.1818181818181817	1.76082e-13	-1.56542e-12
-3.1818181818181817	1.85186e-13	-1.56253e-12
-3.1818181818181817	1.9429e-13	-1.55943e-12
-3.1818181818181817	2.0406e-13	-1.55632e-12
-3.1818181818181817	2.14052e-13	-1.5541e-12
-3.1818181818181817	2.23378e-13	-1.5521e-12
-3.1818181818181817	2.3226e-13	-1.54943e-12
-3.1818181818181817	2.41142e-13	-1.5461e-12
-3.1818181818181817	2.50246e-13	-1.54277e-12
-3.1818181818181817	2.59794e-13	-1.54011e-12
-2.8181818181818183	2.14274e-13	-1.53545e-12
-2.8181818181818183	2.21823e-13	-1.531e-12
-2.8181818181818183	2.29152e-13	-1.52701e-12
-2.8181818181818183	2.36035e-13	-1.52301e-12
-2.8181818181818183	2.42696e-13	-1.51901e-12
-2.8181818181818183	2.49802e-13	-1.51502e-12
-2.8181818181818183	2.56685e-13	-1.51169e-12
-2.8181818181818183	2.63125e-13	-1.50902e-12
-2.8181818181818183	2.6912e-13	-1.50658e-12
-2.8181818181818183	2.75115e-13	-1.50392e-12
-2.4545454545454546	2.94877e-13	-1.46084e-12
-2.4545454545454546	2.95099e-13	-1.46239e-12
-2.4545454545454546	2.95987e-13	-1.46372e-12
-2.4545454545454546	2.97542e-13	-1.46528e-12
-2.4545454545454546	2.99096e-13	-1.46772e-12
-2.4545454545454546	2.99762e-13	-1.47061e-12
-2.4545454545454546	3.00428e-13	-1.47349e-12
-2.4545454545454546	3.01094e-13	-1.47616e-12
-2.4545454545454546	3.02649e-13	-1.47905e-12
-2.4545454545454546	3.04647e-13	-1.4826e-12
-2.090909090909091	2.6912e-13	-1.51257e-12
-2.090909090909091	2.75559e-13	-1.51746e-12
-2.090909090909091	2.82442e-13	-1.52301e-12
-2.090909090909091	2.8866e-13	-1.52878e-12
-2.090909090909091	2.95099e-13	-1.53411e-12
-2.090909090909091	3.01538e-13	-1.53878e-12
-2.090909090909091	3.08644e-13	-1.54366e-12
-2.090909090909091	3.15527e-13	-1.54855e-12
-2.090909090909091	3.21744e-13	-1.55343e-12
-2.090909090909091	3.27295e-13	-1.55721e-12
-1.727272727272727	1.96732e-13	-1.46239e-12
-1.727272727272727	1.98953e-13	-1.45618e-12
-1.727272727272727	2.00951e-13	-1.44996e-12
-1.727272727272727	2.0295e-13	-1.4433e-12
-1.727272727272727	2.04948e-13	-1.43752e-12
-1.727272727272727	2.06724e-13	-1.43242e-12
-1.727272727272727	2.07391e-13	-1.42731e-12
-1.727272727272727	2.07613e-13	-1.42176e-12
-1.727272727272727	2.08279e-13	-1.41643e-12
-1.727272727272727	2.08945e-13	-1.41132e-12
-1.3636363636363633	-1.52101e-13	-1.30252e-12
-1.3636363636363633	-1.50991e-13	-1.30918e-12
-1.3636363636363633	-1.49659e-13	-1.31695e-12
-1.3636363636363633	-1.48327e-13	-1.32561e-12
-1.3636363636363633	-1.47438e-13	-1.3345e-12
-1.3636363636363633	-1.46328e-13	-1.3436e-12
-1.3636363636363633	-1.44552e-13	-1.35226e-12
-1.3636363636363633	-1.42331e-13	-1.36203e-12
-1.3636363636363633	-1.39889e-13	-1.37269e-12
-1.3636363636363633	-1.38113e-13	-1.38357e-12
-1.0	-8.95731e-13	-1.41376e-12
-1.0	-9.04169e-13	-1.39933e-12
-1.0	-9.12832e-13	-1.3849e-12
-1.0	-9.21048e-13	-1.37024e-12
-1.0	-9.28375e-13	-1.35492e-12
-1.0	-9.34815e-13	-1.3396e-12
-1.0	-9.40366e-13	-1.32561e-12
-1.0	-9.46361e-13	-1.31207e-12
-1.0	-9.52578e-13	-1.29897e-12
-1.0	-9.58573e-13	-1.28676e-12
-0.6363636363636367	-5.46099e-12	-8.75747e-13
-0.6363636363636367	-5.46099e-12	-8.77302e-13
-0.6363636363636367	-5.46099e-12	-8.78412e-13
-0.6363636363636367	-5.46099e-12	-8.78856e-13
-0.6363636363636367	-5.46099e-12	-8.79744e-13
-0.6363636363636367	-5.46099e-12	-8.80632e-13
-0.6363636363636367	-5.46099e-12	-8.80854e-13
-0.6363636363636367	-5.46099e-12	-8.80632e-13
-0.6363636363636367	-5.46099e-12	-8.793e-13
-0.6363636363636367	-5.46099e-12	-8.77968e-13
-0.2727272727272725	-5.46099e-12	1.30807e-12
-0.2727272727272725	-5.46099e-12	1.3527e-12
-0.2727272727272725	-5.46099e-12	1.39023e-12
-0.2727272727272725	-5.46099e-12	1.42176e-12
-0.2727272727272725	-5.46099e-12	1.44863e-12
-0.2727272727272725	-5.46099e-12	1.46972e-12
-0.2727272727272725	-5.46099e-12	1.48637e-12
-0.2727272727272725	-5.46099e-12	1.49881e-12
-0.2727272727272725	-5.46099e-12	1.50702e-12
-0.2727272727272725	-5.46099e-12	1.51169e-12
0.09090909090909083	-5.46099e-12	4.59968e-12
0.09090909090909083	-5.46099e-12	4.66119e-12
0.09090909090909083	-5.46099e-12	4.71803e-12
0.09090909090909083	-5.46099e-12	4.77043e-12
0.09090909090909083	-5.46099e-12	4.81951e-12
0.09090909090909083	-5.46099e-12	4.86369e-12
0.09090909090909083	-5.46099e-12	4.90366e-12
0.09090909090909083	-5.46099e-12	4.93963e-12
0.09090909090909083	-5.46099e-12	4.97205e-12
0.09090909090909083	-5.46099e-12	5.00203e-12
0.45454545454545503	-5.46099e-12	5.46077e-12
0.45454545454545503	-5.46099e-12	5.46077e-12
0.45454545454545503	-5.46099e-12	5.46077e-12
0.45454545454545503	-5.46099e-12	5.46077e-12
0.45454545454545503	-5.46099e-12	5.46077e-12
0.45454545454545503	-5.46099e-12	5.46077e-12
0.45454545454545503	-5.46099e-12	5.46077e-12
0.45454545454545503	-5.46099e-12	5.46077e-12
0.45454545454545503	-5.46099e-12	5.46077e-12
0.45454545454545503	-5.46099e-12	5.46077e-12
0.8181818181818183	-5.46099e-12	5.46077e-12
0.8181818181818183	-5.46099e-12	5.46077e-12
0.8181818181818183	-5.46099e-12	5.46077e-12
0.8181818181818183	-5.46099e-12	5.46077e-12
0.8181818181818183	-5.46099e-12	5.46077e-12
0.8181818181818183	-5.46099e-12	5.46077e-12
0.8181818181818183	-5.46099e-12	5.46077e-12
0.8181818181818183	-5.46099e-12	5.46077e-12
0.8181818181818183	-5.46099e-12	5.46077e-12
0.8181818181818183	-5.46099e-12	5.46077e-12
1.1818181818181817	-5.46099e-12	5.46077e-12
1.1818181818181817	-5.46099e-12	5.46077e-12
1.1818181818181817	-5.46099e-12	5.46077e-12
1.1818181818181817	-5.46099e-12	5.46077e-12
1.1818181818181817	-5.46099e-12	5.46077e-12
1.1818181818181817	-5.46099e-12	5.46077e-12
1.1818181818181817	-5.46099e-12	5.46077e-12
1.1818181818181817	-5.46099e-12	5.46077e-12
1.1818181818181817	-5.46099e-12	5.46077e-12
1.1818181818181817	-5.46099e-12	5.46077e-12
1.5454545454545459	-5.46099e-12	5.46077e-12
1.5454545454545459	-5.46099e-12	5.46077e-12
1.5454545454545459	-5.46099e-12	5.46077e-12
1.5454545454545459	-5.46099e-12	5.46077e-12
1.5454545454545459	-5.46099e-12	5.46077e-12
1.5454545454545459	-5.46099e-12	5.46077e-12
1.5454545454545459	-5.46099e-12	5.46077e-12
1.5454545454545459	-5.46099e-12	5.46077e-12
1.5454545454545459	-5.46099e-12	5.46077e-12
1.5454545454545459	-5.46099e-12	5.46077e-12
1.9090909090909092	-5.46099e-12	5.46077e-12
1.9090909090909092	-5.46099e-12	5.46077e-12
1.9090909090909092	-5.46099e-12	5.46077e-12
1.9090909090909092	-5.46099e-12	5.46077e-12
1.9090909090909092	-5.46099e-12	5.46077e-12
1.9090909090909092	-5.46099e-12	5.46077e-12
1.9090909090909092	-5.46099e-12	5.46077e-12
1.9090909090909092	-5.46099e-12	5.46077e-12
1.9090909090909092	-5.46099e-12	5.46077e-12
1.9090909090909092	-5.46099e-12	5.46077e-12
2.2727272727272734	-5.46099e-12	5.46077e-12
2.2727272727272734	-5.46099e-12	5.46077e-12
2.2727272727272734	-5.46099e-12	5.46077e-12
2.2727272727272734	-5.46099e-12	5.46077e-12
2.2727272727272734	-5.46099e-12	5.46077e-12
2.2727272727272734	-5.46099e-12	5.46077e-12
2.2727272727272734	-5.46099e-12	5.46077e-12
2.2727272727272734	-5.46099e-12	5.46077e-12
2.2727272727272734	-5.46099e-12	5.46077e-12
2.2727272727272734	-5.46099e-12	5.46077e-12
2.6363636363636367	-5.46099e-12	5.46077e-12
2.6363636363636367	-5.46099e-12	5.46077e-12
2.6363636363636367	-5.46099e-12	5.46077e-12
2.6363636363636367	-5.46099e-12	5.46077e-12
2.6363636363636367	-5.46099e-12	5.46077e-12
2.6363636363636367	-5.46099e-12	5.46077e-12
2.6363636363636367	-5.46099e-12	5.46077e-12
2.6363636363636367	-5.46099e-12	5.46077e-12
2.6363636363636367	-5.46099e-12	5.46077e-12
2.6363636363636367	-5.46099e-12	5.46077e-12
3.0	-5.46099e-12	5.46077e-12
3.0	-5.46099e-12	5.46077e-12
3.0	-5.46099e-12	5.46077e-12
3.0	-5.46099e-12	5.46077e-12
3.0	-5.46099e-12	5.46077e-12
3.0	-5.46099e-12	5.46077e-12
3.0	-5.46099e-12	5.46077e-12
3.0	-5.46099e-12	5.46077e-12
3.0	-5.46099e-12	5.46077e-12
3.0	-5.46099e-12	5.46077e-12
3.3636363636363633	-5.46099e-12	5.46077e-12
3.3636363636363633	-5.46099e-12	5.46077e-12
3.3636363636363633	-5.46099e-12	5.46077e-12
3.3636363636363633	-5.46099e-12	5.46077e-12
3.3636363636363633	-5.46099e-12	5.46077e-12
3.3636363636363633	-5.46099e-12	5.46077e-12
3.3636363636363633	-5.46099e-12	5.46077e-12
3.3636363636363633	-5.46099e-12	5.46077e-12
3.3636363636363633	-5.46099e-12	5.46077e-12
3.3636363636363633	-5.46099e-12	5.46077e-12
3.7272727272727266	-5.46099e-12	5.46077e-12
3.7272727272727266	-5.46099e-12	5.46077e-12
3.7272727272727266	-5.46099e-12	5.46077e-12
3.7272727272727266	-5.46099e-12	5.46077e-12
3.7272727272727266	-5.46099e-12	5.46077e-12
3.7272727272727266	-5.46099e-12	5.46077e-12
3.7272727272727266	-5.46099e-12	5.46077e-12
3.7272727272727266	-5.46099e-12	5.46077e-12
3.7272727272727266	-5.46099e-12	5.46077e-12
3.7272727272727266	-5.46099e-12	5.46077e-12
4.090909090909092	-5.46099e-12	5.46077e-12
4.090909090909092	-5.46099e-12	5.46077e-12
4.090909090909092	-5.46099e-12	5.46077e-12
4.090909090909092	-5.46099e-12	5.46077e-12
4.090909090909092	-5.46099e-12	5.46077e-12
4.090909090909092	-5.46099e-12	5.46077e-12
4.090909090909092	-5.46099e-12	5.46077e-12
4.090909090909092	-5.46099e-12	5.46077e-12
4.090909090909092	-5.46099e-12	5.46077e-12
4.090909090909092	-5.46099e-12	5.46077e-12
4.454545454545455	-5.46099e-12	5.46077e-12
4.454545454545455	-5.46099e-12	5.46077e-12
4.454545454545455	-5.46099e-12	5.46077e-12
4.454545454545455	-5.46099e-12	5.46077e-12
4.454545454545455	-5.46099e-12	5.46077e-12
4.454545454545455	-5.46099e-12	5.46077e-12
4.454545454545455	-5.46099e-12	5.46077e-12
4.454545454545455	-5.46099e-12	5.46077e-12
4.454545454545455	-5.46099e-12	5.46077e-12
4.454545454545455	-5.46099e-12	5.46077e-12
4.818181818181818	-5.46099e-12	5.46077e-12
4.818181818181818	-5.46099e-12	5.46077e-12
4.818181818181818	-5.46099e-12	5.46077e-12
4.818181818181818	-5.46099e-12	5.46077e-12
4.818181818181818	-5.46099e-12	5.46077e-12
4.818181818181818	-5.46099e-12	5.46077e-12
4.818181818181818	-5.46099e-12	5.46077e-12
4.818181818181818	-5.46099e-12	5.46077e-12
4.818181818181818	-5.46099e-12	5.46077e-12
4.818181818181818	-5.46099e-12	5.46077e-12
5.181818181818182	-5.46099e-12	5.46077e-12
5.181818181818182	-5.46099e-12	5.46077e-12
5.181818181818182	-5.46099e-12	5.46077e-12
5.181818181818182	-5.46099e-12	5.46077e-12
5.181818181818182	-5.46099e-12	5.46077e-12
5.181818181818182	-5.46099e-12	5.46077e-12
5.181818181818182	-5.46099e-12	5.46077e-12
5.181818181818182	-5.46099e-12	5.46077e-12
5.181818181818182	-5.46099e-12	5.46077e-12
5.181818181818182	-5.46099e-12	5.46077e-12
5.545454545454545	-5.46099e-12	5.46077e-12
5.545454545454545	-5.46099e-12	5.46077e-12
5.545454545454545	-5.46099e-12	5.46077e-12
5.545454545454545	-5.46099e-12	5.46077e-12
5.545454545454545	-5.46099e-12	5.46077e-12
5.545454545454545	-5.46099e-12	5.46077e-12
5.545454545454545	-5.46099e-12	5.46077e-12
5.545454545454545	-5.46099e-12	5.46077e-12
5.545454545454545	-5.46099e-12	5.46077e-12
5.545454545454545	-5.46099e-12	5.46077e-12
5.90909090909091	-5.46099e-12	5.46077e-12
5.90909090909091	-5.46099e-12	5.46077e-12
5.90909090909091	-5.46099e-12	5.46077e-12
5.90909090909091	-5.46099e-12	5.46077e-12
5.90909090909091	-5.46099e-12	5.46077e-12
5.90909090909091	-5.46099e-12	5.46077e-12
5.90909090909091	-5.46099e-12	5.46077e-12
5.90909090909091	-5.46099e-12	5.46077e-12
5.90909090909091	-5.46099e-12	5.46077e-12
5.90909090909091	-5.46099e-12	5.46077e-12
6.272727272727273	-5.46099e-12	5.46077e-12
6.272727272727273	-5.46099e-12	5.46077e-12
6.272727272727273	-5.46099e-12	5.46077e-12
6.272727272727273	-5.46099e-12	5.46077e-12
6.272727272727273	-5.46099e-12	5.46077e-12
6.272727272727273	-5.46099e-12	5.46077e-12
6.272727272727273	-5.46099e-12	5.46077e-12
6.272727272727273	-5.46099e-12	5.46077e-12
6.272727272727273	-5.46099e-12	5.46077e-12
6.272727272727273	-5.46099e-12	5.46077e-12
6.636363636363637	-5.46099e-12	5.46077e-12
6.636363636363637	-5.46099e-12	5.46077e-12
6.636363636363637	-5.46099e-12	5.46077e-12
6.636363636363637	-5.46099e-12	5.46077e-12
6.636363636363637	-5.46099e-12	5.46077e-12
6.636363636363637	-5.46099e-12	5.46077e-12
6.636363636363637	-5.46099e-12	5.46077e-12
6.636363636363637	-5.46099e-12	5.46077e-12
6.636363636363637	-5.46099e-12	5.46077e-12
6.636363636363637	-5.46099e-12	5.46077e-12
7.0	-5.46099e-12	5.46077e-12
7.0	-5.46099e-12	5.46077e-12
7.0	-5.46099e-12	5.46077e-12
7.0	-5.46099e-12	5.46077e-12
7.0	-5.46099e-12	5.46077e-12
7.0	-5.46099e-12	5.46077e-12
7.0	-5.46099e-12	5.46077e-12
7.0	-5.46099e-12	5.46077e-12
7.0	-5.46099e-12	5.46077e-12
7.0	-5.46099e-12	5.46077e-12
