u	b	c
-5.0	-2.24532e-10	1.92132e-11
-5.0	-2.04751e-10	1.73942e-11
-5.0	-1.8622e-10	1.55752e-11
-5.0	-1.69394e-10	1.40972e-11
-5.0	-1.53819e-10	1.26193e-11
-5.0	-1.39608e-10	1.12551e-11
-5.0	-1.26762e-10	1.01182e-11
-5.0	-1.14824e-10	8.98132e-12
-5.0	-1.04024e-10	7.95813e-12
-5.0	-9.41331e-11	7.04861e-12
-4.636363636363637	-3.41062e-12	-1.36425e-12
-4.636363636363637	-2.95587e-12	-1.36425e-12
-4.636363636363637	-2.61481e-12	-1.36425e-12
-4.636363636363637	-2.27375e-12	-1.47794e-12
-4.636363636363637	-2.04638e-12	-1.47794e-12
-4.636363636363637	-1.819e-12	-1.47794e-12
-4.636363636363637	-1.25056e-12	-1.47794e-12
-4.636363636363637	-8.81076e-13	-1.44951e-12
-4.636363636363637	-7.6739e-13	-1.42109e-12
-4.636363636363637	-6.82124e-13	-1.42109e-12
-4.2727272727272725	7.51624e-13	-1.37568e-12
-4.2727272727272725	8.2712e-13	-1.40777e-12
-4.2727272727272725	8.98507e-13	-1.43197e-12
-4.2727272727272725	9.65124e-13	-1.45096e-12
-4.2727272727272725	1.02263e-12	-1.46539e-12
-4.2727272727272725	1.07215e-12	-1.47605e-12
-4.2727272727272725	1.11278e-12	-1.48326e-12
-4.2727272727272725	1.14542e-12	-1.48793e-12
-4.2727272727272725	1.17007e-12	-1.49137e-12
-4.2727272727272725	1.18573e-12	-1.49392e-12
-3.909090909090909	6.38715e-13	-1.41399e-12
-3.909090909090909	6.37271e-13	-1.41798e-12
-3.909090909090909	6.35606e-13	-1.42209e-12
-3.909090909090909	6.33941e-13	-1.42542e-12
-3.909090909090909	6.3272e-13	-1.4282e-12
-3.909090909090909	6.32164e-13	-1.43064e-12
-3.909090909090909	6.31942e-13	-1.43319e-12
-3.909090909090909	6.31609e-13	-1.4353e-12
-3.909090909090909	6.31609e-13	-1.43664e-12
-3.909090909090909	6.32275e-13	-1.43752e-12
-3.5454545454545454	5.30357e-13	-1.40477e-12
-3.5454545454545454	5.37684e-13	-1.40966e-12
-3.5454545454545454	5.45345e-13	-1.41421e-12
-3.5454545454545454	5.52672e-13	-1.41865e-12
-3.5454545454545454	5.59445e-13	-1.42287e-12
-3.5454545454545454	5.65662e-13	-1.42631e-12
-3.5454545454545454	5.71879e-13	-1.42897e-12
-3.5454545454545454	5.78097e-13	-1.43153e-12
-3.5454545454545454	5.84314e-13	-1.43408e-12
-3.5454545454545454	5.90087e-13	-1.43664e-12
-3.1818181818181817	5.24473e-13	-1.43564e-12
-3.1818181818181817	5.318e-13	-1.4474e-12
-3.1818181818181817	5.3935e-13	-1.4594e-12
-3.1818181818181817	5.47121e-13	-1.47172e-12
-3.1818181818181817	5.54893e-13	-1.48515e-12
-3.1818181818181817	5.61887e-13	-1.49892e-12
-3.1818181818181817	5.67994e-13	-1.51257e-12
-3.1818181818181817	5.73656e-13	-1.52556e-12
-3.1818181818181817	5.7954e-13	-1.53822e-12
-3.1818181818181817	5.85202e-13	-1.55077e-12
-2.8181818181818183	5.26138e-13	-1.63448e-12
-2.8181818181818183	5.38462e-13	-1.63337e-12
-2.8181818181818183	5.50119e-13	-1.6317e-12
-2.8181818181818183	5.61332e-13	-1.62959e-12
-2.8181818181818183	5.72768e-13	-1.62715e-12
-2.8181818181818183	5.83981e-13	-1.62482e-12
-2.8181818181818183	5.94417e-13	-1.62282e-12
-2.8181818181818183	6.04076e-13	-1.62049e-12
-2.8181818181818183	6.13513e-13	-1.61771e-12
-2.8181818181818183	6.2295e-13	-1.61472e-12
-2.4545454545454546	6.59254e-13	-1.45684e-12
-2.4545454545454546	6.65804e-13	-1.45928e-12
-2.4545454545454546	6.72466e-13	-1.46239e-12
-2.4545454545454546	6.79016e-13	-1.46572e-12
-2.4545454545454546	6.85788e-13	-1.46894e-12
-2.4545454545454546	6.93338e-13	-1.4725e-12
-2.4545454545454546	7.00998e-13	-1.47694e-12
-2.4545454545454546	7.08437e-13	-1.48193e-12
-2.4545454545454546	7.15098e-13	-1.48682e-12
-2.4545454545454546	7.21537e-13	-1.49126e-12
-2.090909090909091	7.1532e-13	-1.6327e-12
-2.090909090909091	7.19095e-13	-1.63104e-12
-2.090909090909091	7.22981e-13	-1.62959e-12
-2.090909090909091	7.25978e-13	-1.6287e-12
-2.090909090909091	7.27977e-13	-1.62748e-12
-2.090909090909091	7.28976e-13	-1.62604e-12
-2.090909090909091	7.29642e-13	-1.62415e-12
-2.090909090909091	7.30086e-13	-1.62238e-12
-2.090909090909091	7.29975e-13	-1.62115e-12
-2.090909090909091	7.28976e-13	-1.61982e-12
-1.727272727272727	3.86026e-13	-1.59695e-12
-1.727272727272727	3.86803e-13	-1.58696e-12
-1.727272727272727	3.8969e-13	-1.5763e-12
-1.727272727272727	3.95019e-13	-1.56575e-12
-1.727272727272727	4.02236e-13	-1.55598e-12
-1.727272727272727	4.10451e-13	-1.54699e-12
-1.727272727272727	4.19333e-13	-1.53822e-12
-1.727272727272727	4.29103e-13	-1.52945e-12
-1.727272727272727	4.39539e-13	-1.5209e-12
-1.727272727272727	4.50308e-13	-1.51313e-12
-1.3636363636363633	3.52276e-13	-1.2812e-12
-1.3636363636363633	3.5494e-13	-1.27787e-12
-1.3636363636363633	3.57383e-13	-1.27521e-12
-1.3636363636363633	3.60158e-13	-1.27243e-12
-1.3636363636363633	3.63711e-13	-1.26999e-12
-1.3636363636363633	3.67819e-13	-1.26833e-12
-1.3636363636363633	3.72371e-13	-1.26733e-12
-1.3636363636363633	3.78366e-13	-1.26699e-12
-1.3636363636363633	3.85915e-13	-1.26688e-12
-1.3636363636363633	3.95574e-13	-1.26744e-12
-1.0	-5.20809e-13	-1.31928e-12
-1.0	-5.48232e-13	-1.32817e-12
-1.0	-5.7299e-13	-1.33705e-12
-1.0	-5.96193e-13	-1.34571e-12
-1.0	-6.18065e-13	-1.35403e-12
-1.0	-6.38382e-13	-1.36147e-12
-1.0	-6.56589e-13	-1.36825e-12
-1.0	-6.73354e-13	-1.37535e-12
-1.0	-6.89008e-13	-1.38246e-12
-1.0	-7.03996e-13	-1.38923e-12
-0.6363636363636367	-2.18438e-12	-9.22269e-13
-0.6363636363636367	-2.18438e-12	-9.1261e-13
-0.6363636363636367	-2.18438e-12	-9.03614e-13
-0.6363636363636367	-2.18438e-12	-8.94954e-13
-0.6363636363636367	-2.18438e-12	-8.8685e-13
-0.6363636363636367	-2.18438e-12	-8.79633e-13
-0.6363636363636367	-2.18438e-12	-8.72861e-13
-0.6363636363636367	-2.18438e-12	-8.66088e-13
-0.6363636363636367	-2.18438e-12	-8.59094e-13
-0.6363636363636367	-2.18438e-12	-8.52211e-13
-0.2727272727272725	-3.19924e-11	1.08536e-12
-0.2727272727272725	-3.25147e-11	1.15997e-12
-0.2727272727272725	-3.29925e-11	1.23102e-12
-0.2727272727272725	-3.34401e-11	1.29319e-12
-0.2727272727272725	-3.38682e-11	1.35537e-12
-0.2727272727272725	-3.42679e-11	1.41399e-12
-0.2727272727272725	-3.46481e-11	1.46905e-12
-0.2727272727272725	-3.49998e-11	1.51879e-12
-0.2727272727272725	-3.53284e-11	1.5632e-12
-0.2727272727272725	-3.56322e-11	1.60583e-12
0.09090909090909083	-8.3443e-11	6.03254e-12
0.09090909090909083	-8.44413e-11	6.14622e-12
0.09090909090909083	-8.53615e-11	6.2528e-12
0.09090909090909083	-8.62319e-11	6.35583e-12
0.09090909090909083	-8.70277e-11	6.45176e-12
0.09090909090909083	-8.84559e-11	6.62939e-12
0.09090909090909083	-8.9138e-11	6.71466e-12
0.09090909090909083	-8.97917e-11	6.79992e-12
0.09090909090909083	-9.0417e-11	6.89229e-12
0.09090909090909083	-9.09997e-11	6.97045e-12
0.45454545454545503	-1.39772e-10	1.23067e-11
0.45454545454545503	-1.40951e-10	1.24346e-11
0.45454545454545503	-1.42081e-10	1.25482e-11
0.45454545454545503	-1.43189e-10	1.26619e-11
0.45454545454545503	-1.44248e-10	1.27756e-11
0.45454545454545503	-1.45271e-10	1.28822e-11
0.45454545454545503	-1.46238e-10	1.29817e-11
0.45454545454545503	-1.47168e-10	1.3074e-11
0.45454545454545503	-1.4805e-10	1.31664e-11
0.45454545454545503	-1.48867e-10	1.32588e-11
0.8181818181818183	-2.13192e-10	1.94121e-11
0.8181818181818183	-2.14272e-10	1.95258e-11
0.8181818181818183	-2.1504e-10	1.96111e-11
0.8181818181818183	-2.15409e-10	1.96679e-11
0.8181818181818183	-2.15409e-10	1.96679e-11
0.8181818181818183	-2.1504e-10	1.96395e-11
0.8181818181818183	-2.14329e-10	1.96111e-11
0.8181818181818183	-2.13306e-10	1.95258e-11
0.8181818181818183	-2.1197e-10	1.94121e-11
0.8181818181818183	-2.10492e-10	1.92985e-11
1.1818181818181817	-2.03529e-10	1.8929e-11
1.1818181818181817	-2.0387e-10	1.89574e-11
1.1818181818181817	-2.04211e-10	1.89858e-11
1.1818181818181817	-2.04552e-10	1.90427e-11
1.1818181818181817	-2.04893e-10	1.90711e-11
1.1818181818181817	-2.05206e-10	1.90995e-11
1.1818181818181817	-2.05604e-10	1.91563e-11
1.1818181818181817	-2.06087e-10	1.92132e-11
1.1818181818181817	-2.06712e-10	1.927e-11
1.1818181818181817	-2.07479e-10	1.93553e-11
1.5454545454545459	-3.22105e-10	3.06104e-11
1.5454545454545459	-3.23384e-10	3.07241e-11
1.5454545454545459	-3.23981e-10	3.08094e-11
1.5454545454545459	-3.23924e-10	3.08094e-11
1.5454545454545459	-3.23356e-10	3.07525e-11
1.5454545454545459	-3.22247e-10	3.06388e-11
1.5454545454545459	-3.20769e-10	3.04967e-11
1.5454545454545459	-3.1895e-10	3.03262e-11
1.5454545454545459	-3.16819e-10	3.01272e-11
1.5454545454545459	-3.14545e-10	2.98999e-11
1.9090909090909092	-2.9104e-10	2.77113e-11
1.9090909090909092	-2.91125e-10	2.77113e-11
1.9090909090909092	-2.91182e-10	2.77397e-11
1.9090909090909092	-2.91267e-10	2.77397e-11
1.9090909090909092	-2.91353e-10	2.77397e-11
1.9090909090909092	-2.91466e-10	2.77397e-11
1.9090909090909092	-2.91552e-10	2.77681e-11
1.9090909090909092	-2.91637e-10	2.77681e-11
1.9090909090909092	-2.91694e-10	2.77681e-11
1.9090909090909092	-2.91722e-10	2.77965e-11
2.2727272727272734	-3.19661e-10	3.06104e-11
2.2727272727272734	-3.20314e-10	3.06672e-11
2.2727272727272734	-3.2094e-10	3.07241e-11
2.2727272727272734	-3.21537e-10	3.07809e-11
2.2727272727272734	-3.22048e-10	3.08378e-11
2.2727272727272734	-3.22588e-10	3.08662e-11
2.2727272727272734	-3.23043e-10	3.0923e-11
2.2727272727272734	-3.23469e-10	3.09515e-11
2.2727272727272734	-3.23896e-10	3.09799e-11
2.2727272727272734	-3.24322e-10	3.10083e-11
2.6363636363636367	-3.55898e-10	3.41063e-11
2.6363636363636367	-3.56552e-10	3.41631e-11
2.6363636363636367	-3.57121e-10	3.422e-11
2.6363636363636367	-3.57689e-10	3.42768e-11
2.6363636363636367	-3.58201e-10	3.43336e-11
2.6363636363636367	-3.58684e-10	3.43905e-11
2.6363636363636367	-3.5911e-10	3.44189e-11
2.6363636363636367	-3.59508e-10	3.44473e-11
2.6363636363636367	-3.59849e-10	3.44758e-11
2.6363636363636367	-3.6019e-10	3.45042e-11
3.0	-3.8756e-10	3.72611e-11
3.0	-3.881e-10	3.73179e-11
3.0	-3.88583e-10	3.73748e-11
3.0	-3.89067e-10	3.74032e-11
3.0	-3.89493e-10	3.74316e-11
3.0	-3.89919e-10	3.74885e-11
3.0	-3.90317e-10	3.75169e-11
3.0	-3.90658e-10	3.75453e-11
3.0	-3.90999e-10	3.75737e-11
3.0	-3.91283e-10	3.76021e-11
3.3636363636363633	-4.17431e-10	4.02454e-11
3.3636363636363633	-4.17915e-10	4.02738e-11
3.3636363636363633	-4.18341e-10	4.03306e-11
3.3636363636363633	-4.18767e-10	4.0359e-11
3.3636363636363633	-4.19165e-10	4.03875e-11
3.3636363636363633	-4.19478e-10	4.04159e-11
3.3636363636363633	-4.1979e-10	4.04443e-11
3.3636363636363633	-4.20046e-10	4.04727e-11
3.3636363636363633	-4.20302e-10	4.05012e-11
3.3636363636363633	-4.20529e-10	4.05296e-11
3.7272727272727266	-4.45427e-10	4.28602e-11
3.7272727272727266	-4.45995e-10	4.2917e-11
3.7272727272727266	-4.46507e-10	4.2917e-11
3.7272727272727266	-4.47018e-10	4.29738e-11
3.7272727272727266	-4.4753e-10	4.30875e-11
3.7272727272727266	-4.47985e-10	4.31444e-11
3.7272727272727266	-4.48383e-10	4.31444e-11
3.7272727272727266	-4.48781e-10	4.32012e-11
3.7272727272727266	-4.49292e-10	4.32581e-11
3.7272727272727266	-4.49747e-10	4.33149e-11
4.090909090909092	-4.80899e-10	4.63845e-11
4.090909090909092	-4.81354e-10	4.64413e-11
4.090909090909092	-4.81752e-10	4.64413e-11
4.090909090909092	-4.82036e-10	4.64981e-11
4.090909090909092	-4.8232e-10	4.6555e-11
4.090909090909092	-4.8249e-10	4.6555e-11
4.090909090909092	-4.82604e-10	4.6555e-11
4.090909090909092	-4.82718e-10	4.6555e-11
4.090909090909092	-4.82775e-10	4.66118e-11
4.090909090909092	-4.82832e-10	4.66118e-11
4.454545454545455	-5.02784e-10	4.86582e-11
4.454545454545455	-5.03125e-10	4.86582e-11
4.454545454545455	-5.03352e-10	4.8715e-11
4.454545454545455	-5.03579e-10	4.8715e-11
4.454545454545455	-5.0375e-10	4.8715e-11
4.454545454545455	-5.0392e-10	4.8715e-11
4.454545454545455	-5.04034e-10	4.87719e-11
4.454545454545455	-5.04091e-10	4.87719e-11
4.454545454545455	-5.04148e-10	4.87719e-11
4.454545454545455	-5.04205e-10	4.87719e-11
4.818181818181818	-5.23134e-10	5.06477e-11
4.818181818181818	-5.23588e-10	5.07046e-11
4.818181818181818	-5.23929e-10	5.07614e-11
4.818181818181818	-5.2427e-10	5.07614e-11
4.818181818181818	-5.24611e-10	5.08182e-11
4.818181818181818	-5.24896e-10	5.08182e-11
4.818181818181818	-5.2518e-10	5.08751e-11
4.818181818181818	-5.25407e-10	5.08751e-11
4.818181818181818	-5.25635e-10	5.09319e-11
4.818181818181818	-5.25862e-10	5.09888e-11
5.181818181818182	-5.43199e-10	5.26941e-11
5.181818181818182	-5.43483e-10	5.27509e-11
5.181818181818182	-5.43768e-10	5.27509e-11
5.181818181818182	-5.44052e-10	5.27509e-11
5.181818181818182	-5.44279e-10	5.28078e-11
5.181818181818182	-5.44507e-10	5.28078e-11
5.181818181818182	-5.44677e-10	5.28078e-11
5.181818181818182	-5.44905e-10	5.28646e-11
5.181818181818182	-5.45075e-10	5.28646e-11
5.181818181818182	-5.45246e-10	5.29214e-11
5.545454545454545	-5.65482e-10	5.48541e-11
5.545454545454545	-5.65937e-10	5.4911e-11
5.545454545454545	-5.66391e-10	5.4911e-11
5.545454545454545	-5.66846e-10	5.49678e-11
5.545454545454545	-5.67244e-10	5.50247e-11
5.545454545454545	-5.67585e-10	5.50815e-11
5.545454545454545	-5.67983e-10	5.50815e-11
5.545454545454545	-5.68267e-10	5.51383e-11
5.545454545454545	-5.68608e-10	5.51952e-11
5.545454545454545	-5.68949e-10	5.51952e-11
5.90909090909091	-5.94984e-10	5.781e-11
5.90909090909091	-5.96064e-10	5.79237e-11
5.90909090909091	-5.97087e-10	5.79805e-11
5.90909090909091	-5.98053e-10	5.80942e-11
5.90909090909091	-5.98963e-10	5.8151e-11
5.90909090909091	-5.99815e-10	5.82081e-11
5.90909090909091	-6.00611e-10	5.83218e-11
5.90909090909091	-6.0135e-10	5.83786e-11
5.90909090909091	-6.02032e-10	5.84355e-11
5.90909090909091	-6.02601e-10	5.84923e-11
6.272727272727273	-6.23405e-10	6.05387e-11
6.272727272727273	-6.24031e-10	6.05955e-11
6.272727272727273	-6.25395e-10	6.07092e-11
6.272727272727273	-6.27953e-10	6.09934e-11
6.272727272727273	-6.31818e-10	6.13913e-11
6.272727272727273	-6.36764e-10	6.18461e-11
6.272727272727273	-6.4205e-10	6.23577e-11
6.272727272727273	-6.47621e-10	6.28693e-11
6.272727272727273	-6.54044e-10	6.34945e-11
6.272727272727273	-6.61377e-10	6.41198e-11
6.636363636363637	-6.71324e-10	6.5143e-11
6.636363636363637	-6.69562e-10	6.49725e-11
6.636363636363637	-6.67914e-10	6.48588e-11
6.636363636363637	-6.66379e-10	6.46883e-11
6.636363636363637	-6.64844e-10	6.45746e-11
6.636363636363637	-6.63366e-10	6.44609e-11
6.636363636363637	-6.62002e-10	6.42904e-11
6.636363636363637	-6.60695e-10	6.41767e-11
6.636363636363637	-6.59501e-10	6.4063e-11
6.636363636363637	-6.58364e-10	6.39493e-11
7.0	-6.59956e-10	6.41767e-11
7.0	-6.60183e-10	6.41767e-11
7.0	-6.6041e-10	6.42335e-11
7.0	-6.60581e-10	6.42904e-11
7.0	-6.60808e-10	6.42904e-11
7.0	-6.60979e-10	6.42904e-11
7.0	-6.61093e-10	6.42904e-11
7.0	-6.61263e-10	6.43472e-11
7.0	-6.61377e-10	6.43472e-11
7.0	-6.6149e-10	6.43472e-11
