u	b	c
-5.0	2.77113e-11	-1.33981e-10
-5.0	2.77113e-11	-1.33981e-10
-5.0	2.77397e-11	-1.33924e-10
-5.0	2.77681e-11	-1.33867e-10
-5.0	2.7825e-11	-1.33867e-10
-5.0	2.78818e-11	-1.33924e-10
-5.0	2.79102e-11	-1.33981e-10
-5.0	2.79387e-11	-1.34009e-10
-5.0	2.79387e-11	-1.33981e-10
-5.0	2.79387e-11	-1.33867e-10
-4.636363636363637	2.77397e-11	-1.34578e-10
-4.636363636363637	2.77965e-11	-1.34521e-10
-4.636363636363637	2.7825e-11	-1.34464e-10
-4.636363636363637	2.7825e-11	-1.3435e-10
-4.636363636363637	2.7825e-11	-1.34265e-10
-4.636363636363637	2.77965e-11	-1.34151e-10
-4.636363636363637	2.77965e-11	-1.34009e-10
-4.636363636363637	2.77965e-11	-1.33896e-10
-4.636363636363637	2.7825e-11	-1.33753e-10
-4.636363636363637	2.7825e-11	-1.3364e-10
-4.2727272727272725	2.79102e-11	-1.33356e-10
-4.2727272727272725	2.78534e-11	-1.33384e-10
-4.2727272727272725	2.77965e-11	-1.33412e-10
-4.2727272727272725	2.77113e-11	-1.33412e-10
-4.2727272727272725	2.76829e-11	-1.33412e-10
-4.2727272727272725	2.76544e-11	-1.33384e-10
-4.2727272727272725	2.76544e-11	-1.33356e-10
-4.2727272727272725	2.76544e-11	-1.33356e-10
-4.2727272727272725	2.7626e-11	-1.33356e-10
-4.2727272727272725	2.75976e-11	-1.33356e-10
-3.909090909090909	2.73134e-11	-1.31736e-10
-3.909090909090909	2.73134e-11	-1.31679e-10
-3.909090909090909	2.73418e-11	-1.31593e-10
-3.909090909090909	2.73418e-11	-1.31508e-10
-3.909090909090909	2.73418e-11	-1.3148e-10
-3.909090909090909	2.73418e-11	-1.31451e-10
-3.909090909090909	2.73134e-11	-1.31451e-10
-3.909090909090909	2.7285e-11	-1.31451e-10
-3.909090909090909	2.72565e-11	-1.31508e-10
-3.909090909090909	2.72565e-11	-1.31593e-10
-3.5454545454545454	2.73134e-11	-1.31878e-10
-3.5454545454545454	2.73134e-11	-1.31792e-10
-3.5454545454545454	2.72565e-11	-1.31707e-10
-3.5454545454545454	2.72281e-11	-1.3165e-10
-3.5454545454545454	2.72281e-11	-1.31593e-10
-3.5454545454545454	2.71997e-11	-1.31565e-10
-3.5454545454545454	2.71713e-11	-1.31565e-10
-3.5454545454545454	2.71713e-11	-1.31565e-10
-3.5454545454545454	2.71428e-11	-1.31508e-10
-3.5454545454545454	2.71428e-11	-1.31451e-10
-3.1818181818181817	2.71997e-11	-1.32787e-10
-3.1818181818181817	2.71713e-11	-1.32787e-10
-3.1818181818181817	2.71428e-11	-1.32759e-10
-3.1818181818181817	2.71144e-11	-1.32702e-10
-3.1818181818181817	2.7086e-11	-1.32645e-10
-3.1818181818181817	2.70576e-11	-1.32617e-10
-3.1818181818181817	2.7086e-11	-1.3256e-10
-3.1818181818181817	2.71144e-11	-1.32503e-10
-3.1818181818181817	2.71428e-11	-1.32418e-10
-3.1818181818181817	2.71428e-11	-1.32332e-10
-2.8181818181818183	2.71713e-11	-1.30684e-10
-2.8181818181818183	2.71713e-11	-1.30741e-10
-2.8181818181818183	2.71713e-11	-1.30826e-10
-2.8181818181818183	2.71997e-11	-1.30911e-10
-2.8181818181818183	2.72281e-11	-1.31025e-10
-2.8181818181818183	2.72281e-11	-1.3111e-10
-2.8181818181818183	2.72281e-11	-1.31224e-10
-2.8181818181818183	2.72281e-11	-1.31309e-10
-2.8181818181818183	2.71997e-11	-1.31394e-10
-2.8181818181818183	2.71713e-11	-1.3148e-10
-2.4545454545454546	2.71144e-11	-1.31281e-10
-2.4545454545454546	2.71144e-11	-1.31366e-10
-2.4545454545454546	2.71144e-11	-1.31394e-10
-2.4545454545454546	2.71428e-11	-1.31366e-10
-2.4545454545454546	2.71713e-11	-1.31338e-10
-2.4545454545454546	2.71997e-11	-1.31309e-10
-2.4545454545454546	2.72281e-11	-1.31309e-10
-2.4545454545454546	2.72281e-11	-1.31366e-10
-2.4545454545454546	2.72565e-11	-1.31394e-10
-2.4545454545454546	2.72565e-11	-1.31394e-10
-2.090909090909091	2.72281e-11	-1.31366e-10
-2.090909090909091	2.72565e-11	-1.31451e-10
-2.090909090909091	2.73134e-11	-1.31508e-10
-2.090909090909091	2.73134e-11	-1.31537e-10
-2.090909090909091	2.73418e-11	-1.31593e-10
-2.090909090909091	2.73418e-11	-1.31593e-10
-2.090909090909091	2.73702e-11	-1.31565e-10
-2.090909090909091	2.73702e-11	-1.31537e-10
-2.090909090909091	2.73702e-11	-1.31508e-10
-2.090909090909091	2.74271e-11	-1.31537e-10
-1.727272727272727	2.72565e-11	-1.31736e-10
-1.727272727272727	2.72565e-11	-1.31622e-10
-1.727272727272727	2.73134e-11	-1.31508e-10
-1.727272727272727	2.73418e-11	-1.31366e-10
-1.727272727272727	2.73418e-11	-1.31252e-10
-1.727272727272727	2.73418e-11	-1.31167e-10
-1.727272727272727	2.73418e-11	-1.3111e-10
-1.727272727272727	2.73418e-11	-1.31082e-10
-1.727272727272727	2.73702e-11	-1.31082e-10
-1.727272727272727	2.74271e-11	-1.31167e-10
-1.3636363636363633	2.75976e-11	-1.30684e-10
-1.3636363636363633	2.75976e-11	-1.30627e-10
-1.3636363636363633	2.75407e-11	-1.30599e-10
-1.3636363636363633	2.75407e-11	-1.30599e-10
-1.3636363636363633	2.75123e-11	-1.30542e-10
-1.3636363636363633	2.75123e-11	-1.30513e-10
-1.3636363636363633	2.75123e-11	-1.30428e-10
-1.3636363636363633	2.75123e-11	-1.304e-10
-1.3636363636363633	2.74555e-11	-1.30371e-10
-1.3636363636363633	2.74271e-11	-1.30343e-10
-1.0	2.76544e-11	-1.30599e-10
-1.0	2.76544e-11	-1.30599e-10
-1.0	2.76544e-11	-1.30627e-10
-1.0	2.7626e-11	-1.30627e-10
-1.0	2.7626e-11	-1.30627e-10
-1.0	2.75976e-11	-1.3057e-10
-1.0	2.75692e-11	-1.30513e-10
-1.0	2.75407e-11	-1.30485e-10
-1.0	2.75692e-11	-1.30485e-10
-1.0	2.75692e-11	-1.30485e-10
-0.6363636363636367	2.88481e-11	-1.31423e-10
-0.6363636363636367	2.88197e-11	-1.31451e-10
-0.6363636363636367	2.88197e-11	-1.3148e-10
-0.6363636363636367	2.88197e-11	-1.31537e-10
-0.6363636363636367	2.87629e-11	-1.31593e-10
-0.6363636363636367	2.8706e-11	-1.31679e-10
-0.6363636363636367	2.86776e-11	-1.31736e-10
-0.6363636363636367	2.86492e-11	-1.31764e-10
-0.6363636363636367	2.86208e-11	-1.31736e-10
-0.6363636363636367	2.85639e-11	-1.31707e-10
-0.2727272727272725	3.37084e-11	-1.34436e-10
-0.2727272727272725	3.38221e-11	-1.34492e-10
-0.2727272727272725	3.39073e-11	-1.34521e-10
-0.2727272727272725	3.39642e-11	-1.34549e-10
-0.2727272727272725	3.4021e-11	-1.34521e-10
-0.2727272727272725	3.41063e-11	-1.34549e-10
-0.2727272727272725	3.41631e-11	-1.34549e-10
-0.2727272727272725	3.41915e-11	-1.34606e-10
-0.2727272727272725	3.41915e-11	-1.34663e-10
-0.2727272727272725	3.422e-11	-1.34691e-10
0.09090909090909083	4.85161e-11	-1.43189e-10
0.09090909090909083	4.84877e-11	-1.43189e-10
0.09090909090909083	4.84877e-11	-1.43218e-10
0.09090909090909083	4.86013e-11	-1.43275e-10
0.09090909090909083	4.87435e-11	-1.43388e-10
0.09090909090909083	4.89424e-11	-1.43559e-10
0.09090909090909083	4.91129e-11	-1.43786e-10
0.09090909090909083	4.93403e-11	-1.43985e-10
0.09090909090909083	4.95393e-11	-1.44127e-10
0.09090909090909083	4.97098e-11	-1.44213e-10
0.45454545454545503	7.55738e-11	-1.59162e-10
0.45454545454545503	7.46074e-11	-1.58594e-10
0.45454545454545503	7.29021e-11	-1.57599e-10
0.45454545454545503	7.0401e-11	-1.56178e-10
0.45454545454545503	6.74452e-11	-1.5453e-10
0.45454545454545503	6.42904e-11	-1.52796e-10
0.45454545454545503	6.12776e-11	-1.51091e-10
0.45454545454545503	5.85207e-11	-1.49499e-10
0.45454545454545503	5.61615e-11	-1.48135e-10
0.45454545454545503	5.41436e-11	-1.46941e-10
0.8181818181818183	5.92313e-11	-1.49783e-10
0.8181818181818183	5.90039e-11	-1.49641e-10
0.8181818181818183	5.88334e-11	-1.49584e-10
0.8181818181818183	5.86913e-11	-1.49528e-10
0.8181818181818183	5.85207e-11	-1.49385e-10
0.8181818181818183	5.83218e-11	-1.49215e-10
0.8181818181818183	5.80658e-11	-1.49044e-10
0.8181818181818183	5.78384e-11	-1.48874e-10
0.8181818181818183	5.76679e-11	-1.4876e-10
0.8181818181818183	5.75258e-11	-1.48675e-10
1.1818181818181817	7.03158e-11	-1.55922e-10
1.1818181818181817	7.07989e-11	-1.5615e-10
1.1818181818181817	7.14526e-11	-1.56491e-10
1.1818181818181817	7.222e-11	-1.56917e-10
1.1818181818181817	7.28737e-11	-1.57287e-10
1.1818181818181817	7.33285e-11	-1.57514e-10
1.1818181818181817	7.3499e-11	-1.57599e-10
1.1818181818181817	7.34421e-11	-1.57486e-10
1.1818181818181817	7.31579e-11	-1.57258e-10
1.1818181818181817	7.28453e-11	-1.57059e-10
1.5454545454545459	8.07749e-11	-1.61408e-10
1.5454545454545459	8.1116e-11	-1.61578e-10
1.5454545454545459	8.14286e-11	-1.61777e-10
1.5454545454545459	8.17413e-11	-1.61976e-10
1.5454545454545459	8.18834e-11	-1.6209e-10
1.5454545454545459	8.17697e-11	-1.62033e-10
1.5454545454545459	8.15708e-11	-1.61948e-10
1.5454545454545459	8.13434e-11	-1.61806e-10
1.5454545454545459	8.11444e-11	-1.61664e-10
1.5454545454545459	8.09739e-11	-1.61521e-10
1.9090909090909092	9.35363e-11	-1.69366e-10
1.9090909090909092	9.28542e-11	-1.68996e-10
1.9090909090909092	9.24278e-11	-1.68741e-10
1.9090909090909092	9.2371e-11	-1.68712e-10
1.9090909090909092	9.27689e-11	-1.68883e-10
1.9090909090909092	9.35647e-11	-1.69309e-10
1.9090909090909092	9.46732e-11	-1.69963e-10
1.9090909090909092	9.6009e-11	-1.7073e-10
1.9090909090909092	9.73448e-11	-1.71497e-10
1.9090909090909092	9.86806e-11	-1.72265e-10
2.2727272727272734	1.29348e-10	-1.90398e-10
2.2727272727272734	1.29007e-10	-1.90142e-10
2.2727272727272734	1.28666e-10	-1.89915e-10
2.2727272727272734	1.28183e-10	-1.89631e-10
2.2727272727272734	1.27558e-10	-1.89261e-10
2.2727272727272734	1.26847e-10	-1.88835e-10
2.2727272727272734	1.26193e-10	-1.88437e-10
2.2727272727272734	1.25682e-10	-1.88096e-10
2.2727272727272734	1.25199e-10	-1.87726e-10
2.2727272727272734	1.24573e-10	-1.87272e-10
2.6363636363636367	1.24602e-10	-1.8622e-10
2.6363636363636367	1.24602e-10	-1.86248e-10
2.6363636363636367	1.24204e-10	-1.86049e-10
2.6363636363636367	1.23806e-10	-1.8585e-10
2.6363636363636367	1.23749e-10	-1.85822e-10
2.6363636363636367	1.24118e-10	-1.86021e-10
2.6363636363636367	1.24687e-10	-1.86334e-10
2.6363636363636367	1.2554e-10	-1.86788e-10
2.6363636363636367	1.26335e-10	-1.87243e-10
2.6363636363636367	1.2679e-10	-1.87442e-10
3.0	1.45548e-10	-1.99294e-10
3.0	1.45804e-10	-1.99493e-10
3.0	1.46543e-10	-1.99976e-10
3.0	1.4768e-10	-2.00687e-10
3.0	1.49414e-10	-2.0171e-10
3.0	1.51346e-10	-2.02847e-10
3.0	1.53336e-10	-2.03983e-10
3.0	1.55524e-10	-2.05262e-10
3.0	1.57997e-10	-2.06712e-10
3.0	1.60385e-10	-2.08105e-10
3.3636363636363633	1.59646e-10	-2.08247e-10
3.3636363636363633	1.59816e-10	-2.08389e-10
3.3636363636363633	1.60299e-10	-2.08673e-10
3.3636363636363633	1.6118e-10	-2.09242e-10
3.3636363636363633	1.6263e-10	-2.10094e-10
3.3636363636363633	1.64932e-10	-2.11458e-10
3.3636363636363633	1.68002e-10	-2.13277e-10
3.3636363636363633	1.711e-10	-2.15096e-10
3.3636363636363633	1.73515e-10	-2.16546e-10
3.3636363636363633	1.75334e-10	-2.17654e-10
3.7272727272727266	2.0387e-10	-2.33941e-10
3.7272727272727266	2.04268e-10	-2.3414e-10
3.7272727272727266	2.04751e-10	-2.34424e-10
3.7272727272727266	2.05717e-10	-2.34936e-10
3.7272727272727266	2.07195e-10	-2.3576e-10
3.7272727272727266	2.08844e-10	-2.36669e-10
3.7272727272727266	2.10378e-10	-2.37522e-10
3.7272727272727266	2.11799e-10	-2.38346e-10
3.7272727272727266	2.12851e-10	-2.38915e-10
3.7272727272727266	2.13448e-10	-2.39227e-10
4.090909090909092	2.02165e-10	-2.3249e-10
4.090909090909092	2.04097e-10	-2.33486e-10
4.090909090909092	2.05348e-10	-2.34111e-10
4.090909090909092	2.05746e-10	-2.34282e-10
4.090909090909092	2.05575e-10	-2.34168e-10
4.090909090909092	2.05177e-10	-2.33912e-10
4.090909090909092	2.04978e-10	-2.33742e-10
4.090909090909092	2.04467e-10	-2.33372e-10
4.090909090909092	2.03358e-10	-2.32689e-10
4.090909090909092	2.01653e-10	-2.31638e-10
4.454545454545455	1.94235e-10	-2.26948e-10
4.454545454545455	1.9594e-10	-2.27971e-10
4.454545454545455	1.9739e-10	-2.28824e-10
4.454545454545455	1.98242e-10	-2.29336e-10
4.454545454545455	1.98271e-10	-2.29393e-10
4.454545454545455	1.97191e-10	-2.28739e-10
4.454545454545455	1.95002e-10	-2.27488e-10
4.454545454545455	1.92359e-10	-2.25953e-10
4.454545454545455	1.90284e-10	-2.24731e-10
4.454545454545455	1.89403e-10	-2.24134e-10
4.818181818181818	1.62687e-10	-2.07991e-10
4.818181818181818	1.6479e-10	-2.09213e-10
4.818181818181818	1.68428e-10	-2.11373e-10
4.818181818181818	1.73118e-10	-2.14102e-10
4.818181818181818	1.78063e-10	-2.16972e-10
4.818181818181818	1.83264e-10	-2.20013e-10
4.818181818181818	1.8892e-10	-2.2331e-10
4.818181818181818	1.94434e-10	-2.26579e-10
4.818181818181818	1.99265e-10	-2.29421e-10
4.818181818181818	2.03245e-10	-2.31752e-10
5.181818181818182	1.80223e-10	-2.18962e-10
5.181818181818182	1.82042e-10	-2.20127e-10
5.181818181818182	1.85509e-10	-2.22145e-10
5.181818181818182	1.90341e-10	-2.24902e-10
5.181818181818182	1.94206e-10	-2.27119e-10
5.181818181818182	1.95741e-10	-2.27971e-10
5.181818181818182	1.95343e-10	-2.27744e-10
5.181818181818182	1.92132e-10	-2.25897e-10
5.181818181818182	1.86049e-10	-2.22372e-10
5.181818181818182	1.78603e-10	-2.18081e-10
5.545454545454545	1.79996e-10	-2.20013e-10
5.545454545454545	1.78574e-10	-2.19274e-10
5.545454545454545	1.77296e-10	-2.18621e-10
5.545454545454545	1.75363e-10	-2.17626e-10
5.545454545454545	1.72862e-10	-2.16262e-10
5.545454545454545	1.70247e-10	-2.14755e-10
5.545454545454545	1.68229e-10	-2.1359e-10
5.545454545454545	1.66865e-10	-2.12823e-10
5.545454545454545	1.66069e-10	-2.12396e-10
5.545454545454545	1.65984e-10	-2.12339e-10
5.90909090909091	1.5507e-10	-2.04921e-10
5.90909090909091	1.55581e-10	-2.05291e-10
5.90909090909091	1.56519e-10	-2.05859e-10
5.90909090909091	1.57685e-10	-2.0657e-10
5.90909090909091	1.58878e-10	-2.07309e-10
5.90909090909091	1.60072e-10	-2.07963e-10
5.90909090909091	1.60925e-10	-2.08389e-10
5.90909090909091	1.61521e-10	-2.08616e-10
5.90909090909091	1.61806e-10	-2.08673e-10
5.90909090909091	1.61834e-10	-2.08702e-10
6.272727272727273	1.47481e-10	-1.99635e-10
6.272727272727273	1.47566e-10	-1.99663e-10
6.272727272727273	1.47765e-10	-1.99749e-10
6.272727272727273	1.47652e-10	-1.99692e-10
6.272727272727273	1.47168e-10	-1.99493e-10
6.272727272727273	1.46572e-10	-1.99294e-10
6.272727272727273	1.46543e-10	-1.99436e-10
6.272727272727273	1.47112e-10	-1.99862e-10
6.272727272727273	1.48021e-10	-2.00488e-10
6.272727272727273	1.48732e-10	-2.01028e-10
6.636363636363637	1.74794e-10	-2.16688e-10
6.636363636363637	1.74794e-10	-2.16688e-10
6.636363636363637	1.74396e-10	-2.16404e-10
6.636363636363637	1.73515e-10	-2.15892e-10
6.636363636363637	1.72208e-10	-2.15182e-10
6.636363636363637	1.70702e-10	-2.14329e-10
6.636363636363637	1.69281e-10	-2.13505e-10
6.636363636363637	1.6803e-10	-2.12794e-10
6.636363636363637	1.66922e-10	-2.12141e-10
6.636363636363637	1.66097e-10	-2.11686e-10
7.0	1.86248e-10	-2.22941e-10
7.0	1.85083e-10	-2.2223e-10
7.0	1.83889e-10	-2.2152e-10
7.0	1.8261e-10	-2.20752e-10
7.0	1.81218e-10	-2.19928e-10
7.0	1.79939e-10	-2.19161e-10
7.0	1.78631e-10	-2.18336e-10
7.0	1.7667e-10	-2.17171e-10
7.0	1.74453e-10	-2.15892e-10
7.0	1.7235e-10	-2.14642e-10
