u	b	c
-2.0	6.59386e-12	-1.00159e-10
-2.0	6.65071e-12	-9.9988e-11
-2.0	6.70755e-12	-9.99312e-11
-2.0	6.70755e-12	-9.99312e-11
-2.0	6.65071e-12	-1.00045e-10
-2.0	6.53702e-12	-1.00215e-10
-2.0	6.42333e-12	-1.00329e-10
-2.0	6.2528e-12	-1.00556e-10
-2.0	6.19596e-12	-1.00727e-10
-2.0	6.08227e-12	-1.00898e-10
-1.793103448275862	5.457e-12	-1.02773e-10
-1.793103448275862	5.457e-12	-1.02717e-10
-1.793103448275862	5.457e-12	-1.02603e-10
-1.793103448275862	5.457e-12	-1.02546e-10
-1.793103448275862	5.457e-12	-1.02432e-10
-1.793103448275862	5.40015e-12	-1.02375e-10
-1.793103448275862	5.34331e-12	-1.02319e-10
-1.793103448275862	5.34331e-12	-1.02262e-10
-1.793103448275862	5.34331e-12	-1.02262e-10
-1.793103448275862	5.34331e-12	-1.02205e-10
-1.5862068965517242	5.22962e-12	-1.02887e-10
-1.5862068965517242	5.22962e-12	-1.02944e-10
-1.5862068965517242	5.22962e-12	-1.02944e-10
-1.5862068965517242	5.22962e-12	-1.02944e-10
-1.5862068965517242	5.22962e-12	-1.02887e-10
-1.5862068965517242	5.22962e-12	-1.0283e-10
-1.5862068965517242	5.22962e-12	-1.0283e-10
-1.5862068965517242	5.22962e-12	-1.02773e-10
-1.5862068965517242	5.28647e-12	-1.02773e-10
-1.5862068965517242	5.28647e-12	-1.02773e-10
-1.3793103448275863	5.28647e-12	-1.0283e-10
-1.3793103448275863	5.34331e-12	-1.02887e-10
-1.3793103448275863	5.34331e-12	-1.02887e-10
-1.3793103448275863	5.34331e-12	-1.02887e-10
-1.3793103448275863	5.34331e-12	-1.0283e-10
-1.3793103448275863	5.34331e-12	-1.02773e-10
-1.3793103448275863	5.34331e-12	-1.02773e-10
-1.3793103448275863	5.34331e-12	-1.02717e-10
-1.3793103448275863	5.34331e-12	-1.0266e-10
-1.3793103448275863	5.28647e-12	-1.02603e-10
-1.1724137931034484	5.05909e-12	-1.02262e-10
-1.1724137931034484	5.05909e-12	-1.02205e-10
-1.1724137931034484	5.11594e-12	-1.02205e-10
-1.1724137931034484	5.17278e-12	-1.02205e-10
-1.1724137931034484	5.22962e-12	-1.02148e-10
-1.1724137931034484	5.22962e-12	-1.02148e-10
-1.1724137931034484	5.17278e-12	-1.02148e-10
-1.1724137931034484	5.17278e-12	-1.02148e-10
-1.1724137931034484	5.11594e-12	-1.02148e-10
-1.1724137931034484	5.11594e-12	-1.02205e-10
-0.9655172413793103	4.26328e-12	-1.02262e-10
-0.9655172413793103	4.26328e-12	-1.02262e-10
-0.9655172413793103	4.32013e-12	-1.02262e-10
-0.9655172413793103	4.32013e-12	-1.02262e-10
-0.9655172413793103	4.32013e-12	-1.02205e-10
-0.9655172413793103	4.32013e-12	-1.02205e-10
-0.9655172413793103	4.32013e-12	-1.02205e-10
-0.9655172413793103	4.37697e-12	-1.02262e-10
-0.9655172413793103	4.37697e-12	-1.02262e-10
-0.9655172413793103	4.49066e-12	-1.02319e-10
-0.7586206896551724	2.44428e-12	-1.02091e-10
-0.7586206896551724	2.38744e-12	-1.02034e-10
-0.7586206896551724	2.38744e-12	-1.02034e-10
-0.7586206896551724	2.44428e-12	-1.01978e-10
-0.7586206896551724	2.44428e-12	-1.01978e-10
-0.7586206896551724	2.44428e-12	-1.01921e-10
-0.7586206896551724	2.44428e-12	-1.01864e-10
-0.7586206896551724	2.44428e-12	-1.01864e-10
-0.7586206896551724	2.50112e-12	-1.01864e-10
-0.7586206896551724	2.55797e-12	-1.01864e-10
-0.5517241379310345	-1.13688e-12	-9.9647e-11
-0.5517241379310345	-1.19372e-12	-9.95901e-11
-0.5517241379310345	-1.25056e-12	-9.95333e-11
-0.5517241379310345	-1.25056e-12	-9.95333e-11
-0.5517241379310345	-1.30741e-12	-9.95901e-11
-0.5517241379310345	-1.30741e-12	-9.95901e-11
-0.5517241379310345	-1.30741e-12	-9.9647e-11
-0.5517241379310345	-1.30741e-12	-9.97038e-11
-0.5517241379310345	-1.30741e-12	-9.97038e-11
-0.5517241379310345	-1.30741e-12	-9.97606e-11
-0.3448275862068966	-9.49291e-12	-9.49858e-11
-0.3448275862068966	-9.43606e-12	-9.49858e-11
-0.3448275862068966	-9.43606e-12	-9.49858e-11
-0.3448275862068966	-9.37922e-12	-9.50426e-11
-0.3448275862068966	-9.43606e-12	-9.50995e-11
-0.3448275862068966	-9.72028e-12	-9.49858e-11
-0.3448275862068966	-1.02319e-11	-9.47584e-11
-0.3448275862068966	-1.08003e-11	-9.44742e-11
-0.3448275862068966	-1.13687e-11	-9.41331e-11
-0.3448275862068966	-1.19372e-11	-9.38489e-11
-0.13793103448275867	-2.91041e-11	-8.42424e-11
-0.13793103448275867	-3.02409e-11	-8.35603e-11
-0.13793103448275867	-3.0923e-11	-8.31055e-11
-0.13793103448275867	-3.10367e-11	-8.29918e-11
-0.13793103448275867	-3.06388e-11	-8.31055e-11
-0.13793103448275867	-3.00135e-11	-8.33329e-11
-0.13793103448275867	-2.92177e-11	-8.37308e-11
-0.13793103448275867	-2.83081e-11	-8.41287e-11
-0.13793103448275867	-2.73986e-11	-8.46403e-11
-0.13793103448275867	-2.6546e-11	-8.5095e-11
0.06896551724137945	-3.44473e-11	-8.04907e-11
0.06896551724137945	-3.44473e-11	-8.05476e-11
0.06896551724137945	-3.43905e-11	-8.05476e-11
0.06896551724137945	-3.43905e-11	-8.06044e-11
0.06896551724137945	-3.43336e-11	-8.06613e-11
0.06896551724137945	-3.43336e-11	-8.07181e-11
0.06896551724137945	-3.42768e-11	-8.07749e-11
0.06896551724137945	-3.42768e-11	-8.07749e-11
0.06896551724137945	-3.42768e-11	-8.07749e-11
0.06896551724137945	-3.42768e-11	-8.07181e-11
0.27586206896551735	-4.9454e-11	-7.15663e-11
0.27586206896551735	-4.88856e-11	-7.19074e-11
0.27586206896551735	-4.83171e-11	-7.22484e-11
0.27586206896551735	-4.78055e-11	-7.24758e-11
0.27586206896551735	-4.73508e-11	-7.27032e-11
0.27586206896551735	-4.70666e-11	-7.28737e-11
0.27586206896551735	-4.68392e-11	-7.29874e-11
0.27586206896551735	-4.66118e-11	-7.31011e-11
0.27586206896551735	-4.64413e-11	-7.32148e-11
0.27586206896551735	-4.63845e-11	-7.33285e-11
0.48275862068965525	-6.66778e-11	-6.18461e-11
0.48275862068965525	-6.74167e-11	-6.1505e-11
0.48275862068965525	-6.82125e-11	-6.09934e-11
0.48275862068965525	-6.90652e-11	-6.04818e-11
0.48275862068965525	-6.99178e-11	-5.99703e-11
0.48275862068965525	-7.04863e-11	-5.95723e-11
0.48275862068965525	-7.0941e-11	-5.9345e-11
0.48275862068965525	-7.12821e-11	-5.91176e-11
0.48275862068965525	-7.15095e-11	-5.90039e-11
0.48275862068965525	-7.15095e-11	-5.89471e-11
0.6896551724137931	-8.08318e-11	-5.3433e-11
0.6896551724137931	-8.11728e-11	-5.32625e-11
0.6896551724137931	-8.13434e-11	-5.31488e-11
0.6896551724137931	-8.13434e-11	-5.31488e-11
0.6896551724137931	-8.14571e-11	-5.30351e-11
0.6896551724137931	-8.23097e-11	-5.25235e-11
0.6896551724137931	-8.40719e-11	-5.14435e-11
0.6896551724137931	-8.65161e-11	-4.99656e-11
0.6896551724137931	-8.93583e-11	-4.83171e-11
0.6896551724137931	-9.24278e-11	-4.64413e-11
0.896551724137931	-1.29661e-10	-2.37038e-11
0.896551724137931	-1.33071e-10	-2.16575e-11
0.896551724137931	-1.34379e-10	-2.09185e-11
0.896551724137931	-1.33697e-10	-2.12027e-11
0.896551724137931	-1.31934e-10	-2.22259e-11
0.896551724137931	-1.2949e-10	-2.3647e-11
0.896551724137931	-1.26762e-10	-2.52386e-11
0.896551724137931	-1.24204e-10	-2.67165e-11
0.896551724137931	-1.21873e-10	-2.80808e-11
0.896551724137931	-1.19656e-10	-2.94451e-11
1.103448275862069	-1.05672e-10	-3.76874e-11
1.103448275862069	-1.05502e-10	-3.78579e-11
1.103448275862069	-1.05388e-10	-3.79716e-11
1.103448275862069	-1.05388e-10	-3.79716e-11
1.103448275862069	-1.05502e-10	-3.79148e-11
1.103448275862069	-1.05616e-10	-3.79148e-11
1.103448275862069	-1.05559e-10	-3.79716e-11
1.103448275862069	-1.05502e-10	-3.80853e-11
1.103448275862069	-1.05388e-10	-3.8199e-11
1.103448275862069	-1.05274e-10	-3.83127e-11
1.3103448275862069	-1.19941e-10	-2.9502e-11
1.3103448275862069	-1.20338e-10	-2.92177e-11
1.3103448275862069	-1.20679e-10	-2.90471e-11
1.3103448275862069	-1.21021e-10	-2.88197e-11
1.3103448275862069	-1.21646e-10	-2.84787e-11
1.3103448275862069	-1.22555e-10	-2.79102e-11
1.3103448275862069	-1.23692e-10	-2.7285e-11
1.3103448275862069	-1.24715e-10	-2.66597e-11
1.3103448275862069	-1.25568e-10	-2.62049e-11
1.3103448275862069	-1.26136e-10	-2.59207e-11
1.5172413793103448	-1.32048e-10	-2.18848e-11
1.5172413793103448	-1.32048e-10	-2.19417e-11
1.5172413793103448	-1.31991e-10	-2.19985e-11
1.5172413793103448	-1.31707e-10	-2.2169e-11
1.5172413793103448	-1.31195e-10	-2.25101e-11
1.5172413793103448	-1.30627e-10	-2.28512e-11
1.5172413793103448	-1.30343e-10	-2.30785e-11
1.5172413793103448	-1.30457e-10	-2.30217e-11
1.5172413793103448	-1.30968e-10	-2.27375e-11
1.5172413793103448	-1.31764e-10	-2.22827e-11
1.7241379310344827	-1.49954e-10	-1.21077e-11
1.7241379310344827	-1.49897e-10	-1.21077e-11
1.7241379310344827	-1.4984e-10	-1.21645e-11
1.7241379310344827	-1.4967e-10	-1.22782e-11
1.7241379310344827	-1.49442e-10	-1.23919e-11
1.7241379310344827	-1.49158e-10	-1.25625e-11
1.7241379310344827	-1.49044e-10	-1.26193e-11
1.7241379310344827	-1.49044e-10	-1.26193e-11
1.7241379310344827	-1.49272e-10	-1.23919e-11
1.7241379310344827	-1.49726e-10	-1.21077e-11
1.9310344827586206	-1.61607e-10	-5.11594e-12
1.9310344827586206	-1.61379e-10	-5.22962e-12
1.9310344827586206	-1.61209e-10	-5.40015e-12
1.9310344827586206	-1.61038e-10	-5.51384e-12
1.9310344827586206	-1.60868e-10	-5.57068e-12
1.9310344827586206	-1.60868e-10	-5.57068e-12
1.9310344827586206	-1.60868e-10	-5.57068e-12
1.9310344827586206	-1.60925e-10	-5.51384e-12
1.9310344827586206	-1.61038e-10	-5.457e-12
1.9310344827586206	-1.61209e-10	-5.34331e-12
2.137931034482759	-1.86732e-10	1.01182e-11
2.137931034482759	-1.87868e-10	1.07435e-11
2.137931034482759	-1.88551e-10	1.11414e-11
2.137931034482759	-1.88721e-10	1.12551e-11
2.137931034482759	-1.88664e-10	1.11982e-11
2.137931034482759	-1.88494e-10	1.10845e-11
2.137931034482759	-1.88323e-10	1.10277e-11
2.137931034482759	-1.88209e-10	1.0914e-11
2.137931034482759	-1.87925e-10	1.07435e-11
2.137931034482759	-1.87698e-10	1.06298e-11
2.344827586206897	-2.05774e-10	2.12595e-11
2.344827586206897	-2.02989e-10	1.96111e-11
2.344827586206897	-2.00942e-10	1.84174e-11
2.344827586206897	-1.99692e-10	1.76216e-11
2.344827586206897	-1.99237e-10	1.73942e-11
2.344827586206897	-1.99464e-10	1.75647e-11
2.344827586206897	-2.00658e-10	1.82468e-11
2.344827586206897	-2.02193e-10	1.91563e-11
2.344827586206897	-2.03614e-10	1.99522e-11
2.344827586206897	-2.04296e-10	2.03501e-11
2.5517241379310347	-2.13789e-10	2.57502e-11
2.5517241379310347	-2.13675e-10	2.56933e-11
2.5517241379310347	-2.13391e-10	2.54091e-11
2.5517241379310347	-2.1305e-10	2.51817e-11
2.5517241379310347	-2.12595e-10	2.48975e-11
2.5517241379310347	-2.12197e-10	2.4727e-11
2.5517241379310347	-2.11856e-10	2.45565e-11
2.5517241379310347	-2.11288e-10	2.43291e-11
2.5517241379310347	-2.10265e-10	2.37607e-11
2.5517241379310347	-2.08616e-10	2.28512e-11
2.7586206896551726	-3.32649e-10	9.52132e-11
2.7586206896551726	-3.22929e-10	8.95288e-11
2.7586206896551726	-3.09059e-10	8.14571e-11
2.7586206896551726	-2.93769e-10	7.25326e-11
2.7586206896551726	-2.78819e-10	6.38356e-11
2.7586206896551726	-2.65404e-10	5.5991e-11
2.7586206896551726	-2.53808e-10	4.91698e-11
2.7586206896551726	-2.44542e-10	4.37128e-11
2.7586206896551726	-2.37494e-10	3.95632e-11
2.7586206896551726	-2.32434e-10	3.65505e-11
2.9655172413793105	-2.51818e-10	4.8374e-11
2.9655172413793105	-2.50965e-10	4.78624e-11
2.9655172413793105	-2.49033e-10	4.67255e-11
2.9655172413793105	-2.46532e-10	4.53044e-11
2.9655172413793105	-2.44087e-10	4.38265e-11
2.9655172413793105	-2.42439e-10	4.28033e-11
2.9655172413793105	-2.41871e-10	4.24623e-11
2.9655172413793105	-2.42155e-10	4.25759e-11
2.9655172413793105	-2.42951e-10	4.29738e-11
2.9655172413793105	-2.43803e-10	4.34854e-11
3.1724137931034484	-2.51989e-10	4.8715e-11
3.1724137931034484	-2.51818e-10	4.85445e-11
3.1724137931034484	-2.51704e-10	4.8374e-11
3.1724137931034484	-2.51648e-10	4.8374e-11
3.1724137931034484	-2.52102e-10	4.8715e-11
3.1724137931034484	-2.53296e-10	4.95108e-11
3.1724137931034484	-2.55172e-10	5.06477e-11
3.1724137931034484	-2.57559e-10	5.21256e-11
3.1724137931034484	-2.5989e-10	5.34899e-11
3.1724137931034484	-2.61595e-10	5.45131e-11
3.3793103448275863	-2.65063e-10	5.71847e-11
3.3793103448275863	-2.64778e-10	5.71847e-11
3.3793103448275863	-2.65404e-10	5.77531e-11
3.3793103448275863	-2.67564e-10	5.91744e-11
3.3793103448275863	-2.70065e-10	6.08229e-11
3.3793103448275863	-2.72054e-10	6.20735e-11
3.3793103448275863	-2.73817e-10	6.32103e-11
3.3793103448275863	-2.75579e-10	6.42335e-11
3.3793103448275863	-2.77682e-10	6.54841e-11
3.3793103448275863	-2.80069e-10	6.68483e-11
3.586206896551724	-2.85924e-10	6.99747e-11
3.586206896551724	-2.88766e-10	7.15095e-11
3.586206896551724	-2.91609e-10	7.31579e-11
3.586206896551724	-2.94166e-10	7.45222e-11
3.586206896551724	-2.95929e-10	7.54885e-11
3.586206896551724	-2.96781e-10	7.58864e-11
3.586206896551724	-2.96668e-10	7.57159e-11
3.586206896551724	-2.95815e-10	7.51474e-11
3.586206896551724	-2.94564e-10	7.44085e-11
3.586206896551724	-2.93257e-10	7.36127e-11
3.793103448275862	-3.66812e-10	1.16814e-10
3.793103448275862	-3.57035e-10	1.11016e-10
3.793103448275862	-3.48566e-10	1.05957e-10
3.793103448275862	-3.41631e-10	1.01807e-10
3.793103448275862	-3.34866e-10	9.78848e-11
3.793103448275862	-3.27534e-10	9.36216e-11
3.793103448275862	-3.20144e-10	8.92446e-11
3.793103448275862	-3.13607e-10	8.54929e-11
3.793103448275862	-3.07638e-10	8.20255e-11
3.793103448275862	-3.02181e-10	7.87854e-11
4.0	-4.81695e-10	1.83548e-10
4.0	-4.88004e-10	1.87243e-10
4.0	-4.89312e-10	1.88039e-10
4.0	-4.86754e-10	1.86618e-10
4.0	-4.81808e-10	1.83719e-10
4.0	-4.76238e-10	1.80536e-10
4.0	-4.71179e-10	1.7758e-10
4.0	-4.66461e-10	1.74851e-10
4.0	-4.61911e-10	1.72236e-10
4.0	-4.57989e-10	1.69906e-10
