u	b	c
-2.0	5.22962e-12	-9.83964e-11
-2.0	5.22962e-12	-9.83396e-11
-2.0	5.22962e-12	-9.82827e-11
-2.0	5.22962e-12	-9.82259e-11
-2.0	5.28647e-12	-9.8169e-11
-2.0	5.28647e-12	-9.81122e-11
-2.0	5.28647e-12	-9.79985e-11
-2.0	5.28647e-12	-9.79985e-11
-2.0	5.28647e-12	-9.79985e-11
-2.0	5.22962e-12	-9.79985e-11
-1.793103448275862	5.34331e-12	-9.76574e-11
-1.793103448275862	5.34331e-12	-9.76574e-11
-1.793103448275862	5.34331e-12	-9.76574e-11
-1.793103448275862	5.34331e-12	-9.76574e-11
-1.793103448275862	5.34331e-12	-9.77143e-11
-1.793103448275862	5.34331e-12	-9.77143e-11
-1.793103448275862	5.34331e-12	-9.77143e-11
-1.793103448275862	5.40015e-12	-9.77711e-11
-1.793103448275862	5.457e-12	-9.77711e-11
-1.793103448275862	5.457e-12	-9.77143e-11
-1.5862068965517242	5.457e-12	-9.76574e-11
-1.5862068965517242	5.51384e-12	-9.77143e-11
-1.5862068965517242	5.51384e-12	-9.77143e-11
-1.5862068965517242	5.51384e-12	-9.77143e-11
-1.5862068965517242	5.457e-12	-9.77143e-11
-1.5862068965517242	5.457e-12	-9.77143e-11
-1.5862068965517242	5.40015e-12	-9.77143e-11
-1.5862068965517242	5.457e-12	-9.76574e-11
-1.5862068965517242	5.457e-12	-9.76006e-11
-1.5862068965517242	5.457e-12	-9.76006e-11
-1.3793103448275863	5.22962e-12	-9.77143e-11
-1.3793103448275863	5.22962e-12	-9.77143e-11
-1.3793103448275863	5.17278e-12	-9.77143e-11
-1.3793103448275863	5.17278e-12	-9.76574e-11
-1.3793103448275863	5.22962e-12	-9.76006e-11
-1.3793103448275863	5.28647e-12	-9.75438e-11
-1.3793103448275863	5.28647e-12	-9.75438e-11
-1.3793103448275863	5.28647e-12	-9.75438e-11
-1.3793103448275863	5.34331e-12	-9.76006e-11
-1.3793103448275863	5.40015e-12	-9.76006e-11
-1.1724137931034484	5.51384e-12	-9.73164e-11
-1.1724137931034484	5.457e-12	-9.73164e-11
-1.1724137931034484	5.457e-12	-9.73164e-11
-1.1724137931034484	5.457e-12	-9.73164e-11
-1.1724137931034484	5.457e-12	-9.73164e-11
-1.1724137931034484	5.457e-12	-9.72595e-11
-1.1724137931034484	5.457e-12	-9.72595e-11
-1.1724137931034484	5.457e-12	-9.72027e-11
-1.1724137931034484	5.457e-12	-9.72595e-11
-1.1724137931034484	5.51384e-12	-9.72027e-11
-0.9655172413793103	5.51384e-12	-9.71458e-11
-0.9655172413793103	5.51384e-12	-9.71458e-11
-0.9655172413793103	5.51384e-12	-9.71458e-11
-0.9655172413793103	5.457e-12	-9.7089e-11
-0.9655172413793103	5.457e-12	-9.7089e-11
-0.9655172413793103	5.457e-12	-9.7089e-11
-0.9655172413793103	5.457e-12	-9.71458e-11
-0.9655172413793103	5.457e-12	-9.71458e-11
-0.9655172413793103	5.51384e-12	-9.72027e-11
-0.9655172413793103	5.51384e-12	-9.72027e-11
-0.7586206896551724	5.22962e-12	-9.82827e-11
-0.7586206896551724	5.11594e-12	-9.82259e-11
-0.7586206896551724	5.05909e-12	-9.8169e-11
-0.7586206896551724	5.05909e-12	-9.81122e-11
-0.7586206896551724	5.05909e-12	-9.79985e-11
-0.7586206896551724	5.05909e-12	-9.79417e-11
-0.7586206896551724	5.05909e-12	-9.78848e-11
-0.7586206896551724	5.05909e-12	-9.7828e-11
-0.7586206896551724	5.05909e-12	-9.77711e-11
-0.7586206896551724	5.05909e-12	-9.77711e-11
-0.5517241379310345	5.05909e-12	-9.81122e-11
-0.5517241379310345	5.05909e-12	-9.81122e-11
-0.5517241379310345	5.05909e-12	-9.81122e-11
-0.5517241379310345	5.05909e-12	-9.8169e-11
-0.5517241379310345	5.05909e-12	-9.8169e-11
-0.5517241379310345	5.05909e-12	-9.8169e-11
-0.5517241379310345	5.05909e-12	-9.82259e-11
-0.5517241379310345	5.05909e-12	-9.82827e-11
-0.5517241379310345	5.05909e-12	-9.82827e-11
-0.5517241379310345	5.00225e-12	-9.82827e-11
-0.3448275862068966	5.28647e-12	-9.83964e-11
-0.3448275862068966	5.28647e-12	-9.83396e-11
-0.3448275862068966	5.28647e-12	-9.82827e-11
-0.3448275862068966	5.28647e-12	-9.82827e-11
-0.3448275862068966	5.28647e-12	-9.82259e-11
-0.3448275862068966	5.22962e-12	-9.82827e-11
-0.3448275862068966	5.22962e-12	-9.82827e-11
-0.3448275862068966	5.22962e-12	-9.83396e-11
-0.3448275862068966	5.17278e-12	-9.83396e-11
-0.3448275862068966	5.17278e-12	-9.83396e-11
-0.13793103448275867	5.22962e-12	-9.82827e-11
-0.13793103448275867	5.22962e-12	-9.83396e-11
-0.13793103448275867	5.17278e-12	-9.83396e-11
-0.13793103448275867	5.17278e-12	-9.82827e-11
-0.13793103448275867	5.17278e-12	-9.82827e-11
-0.13793103448275867	5.22962e-12	-9.82259e-11
-0.13793103448275867	5.22962e-12	-9.8169e-11
-0.13793103448275867	5.17278e-12	-9.8169e-11
-0.13793103448275867	5.11594e-12	-9.8169e-11
-0.13793103448275867	5.11594e-12	-9.8169e-11
0.06896551724137945	5.28647e-12	-9.85101e-11
0.06896551724137945	5.22962e-12	-9.85101e-11
0.06896551724137945	5.22962e-12	-9.85101e-11
0.06896551724137945	5.28647e-12	-9.85101e-11
0.06896551724137945	5.28647e-12	-9.85101e-11
0.06896551724137945	5.28647e-12	-9.85101e-11
0.06896551724137945	5.28647e-12	-9.85101e-11
0.06896551724137945	5.28647e-12	-9.84532e-11
0.06896551724137945	5.34331e-12	-9.83964e-11
0.06896551724137945	5.34331e-12	-9.83964e-11
0.27586206896551735	5.62753e-12	-9.81122e-11
0.27586206896551735	5.68437e-12	-9.8169e-11
0.27586206896551735	5.74121e-12	-9.82259e-11
0.27586206896551735	5.74121e-12	-9.82827e-11
0.27586206896551735	5.68437e-12	-9.82827e-11
0.27586206896551735	5.68437e-12	-9.82827e-11
0.27586206896551735	5.62753e-12	-9.82827e-11
0.27586206896551735	5.62753e-12	-9.82827e-11
0.27586206896551735	5.57068e-12	-9.82827e-11
0.27586206896551735	5.57068e-12	-9.83396e-11
0.48275862068965525	5.68437e-12	-9.83396e-11
0.48275862068965525	5.68437e-12	-9.83396e-11
0.48275862068965525	5.74121e-12	-9.82827e-11
0.48275862068965525	5.74121e-12	-9.82259e-11
0.48275862068965525	5.79806e-12	-9.82259e-11
0.48275862068965525	5.79806e-12	-9.82827e-11
0.48275862068965525	5.79806e-12	-9.82827e-11
0.48275862068965525	5.8549e-12	-9.82827e-11
0.48275862068965525	5.8549e-12	-9.83396e-11
0.48275862068965525	5.8549e-12	-9.83396e-11
0.6896551724137931	5.8549e-12	-9.86806e-11
0.6896551724137931	5.91174e-12	-9.87375e-11
0.6896551724137931	5.8549e-12	-9.87375e-11
0.6896551724137931	5.91174e-12	-9.87375e-11
0.6896551724137931	5.91174e-12	-9.87375e-11
0.6896551724137931	5.91174e-12	-9.86806e-11
0.6896551724137931	5.91174e-12	-9.86238e-11
0.6896551724137931	5.91174e-12	-9.85669e-11
0.6896551724137931	5.91174e-12	-9.85669e-11
0.6896551724137931	5.91174e-12	-9.85101e-11
0.896551724137931	6.08227e-12	-9.86806e-11
0.896551724137931	6.08227e-12	-9.86806e-11
0.896551724137931	6.13912e-12	-9.86238e-11
0.896551724137931	6.08227e-12	-9.86238e-11
0.896551724137931	6.08227e-12	-9.86806e-11
0.896551724137931	6.08227e-12	-9.86806e-11
0.896551724137931	6.08227e-12	-9.87375e-11
0.896551724137931	6.13912e-12	-9.87943e-11
0.896551724137931	6.30965e-12	-9.8908e-11
0.896551724137931	6.53702e-12	-9.90785e-11
1.103448275862069	6.30965e-12	-9.86238e-11
1.103448275862069	6.30965e-12	-9.85669e-11
1.103448275862069	6.2528e-12	-9.85669e-11
1.103448275862069	6.2528e-12	-9.85669e-11
1.103448275862069	6.19596e-12	-9.85669e-11
1.103448275862069	6.19596e-12	-9.86238e-11
1.103448275862069	6.19596e-12	-9.86238e-11
1.103448275862069	6.19596e-12	-9.86238e-11
1.103448275862069	6.2528e-12	-9.86806e-11
1.103448275862069	6.2528e-12	-9.86806e-11
1.3103448275862069	6.08227e-12	-9.91354e-11
1.3103448275862069	6.08227e-12	-9.91354e-11
1.3103448275862069	6.08227e-12	-9.91354e-11
1.3103448275862069	6.08227e-12	-9.91354e-11
1.3103448275862069	6.08227e-12	-9.91354e-11
1.3103448275862069	6.08227e-12	-9.91354e-11
1.3103448275862069	6.08227e-12	-9.90785e-11
1.3103448275862069	6.08227e-12	-9.90785e-11
1.3103448275862069	6.08227e-12	-9.90217e-11
1.3103448275862069	6.08227e-12	-9.90217e-11
1.5172413793103448	6.53702e-12	-9.91354e-11
1.5172413793103448	6.53702e-12	-9.91354e-11
1.5172413793103448	6.48018e-12	-9.91354e-11
1.5172413793103448	6.48018e-12	-9.91922e-11
1.5172413793103448	6.42333e-12	-9.91922e-11
1.5172413793103448	6.42333e-12	-9.91922e-11
1.5172413793103448	6.42333e-12	-9.91354e-11
1.5172413793103448	6.36649e-12	-9.91354e-11
1.5172413793103448	6.30965e-12	-9.90785e-11
1.5172413793103448	6.30965e-12	-9.90785e-11
1.7241379310344827	6.53702e-12	-9.94764e-11
1.7241379310344827	6.48018e-12	-9.94764e-11
1.7241379310344827	6.48018e-12	-9.94764e-11
1.7241379310344827	6.48018e-12	-9.94764e-11
1.7241379310344827	6.48018e-12	-9.93627e-11
1.7241379310344827	6.53702e-12	-9.93059e-11
1.7241379310344827	6.53702e-12	-9.92491e-11
1.7241379310344827	6.53702e-12	-9.92491e-11
1.7241379310344827	6.53702e-12	-9.92491e-11
1.7241379310344827	6.53702e-12	-9.92491e-11
1.9310344827586206	6.59386e-12	-9.93627e-11
1.9310344827586206	6.65071e-12	-9.93627e-11
1.9310344827586206	6.65071e-12	-9.93627e-11
1.9310344827586206	6.70755e-12	-9.94196e-11
1.9310344827586206	6.76439e-12	-9.93627e-11
1.9310344827586206	6.70755e-12	-9.93627e-11
1.9310344827586206	6.70755e-12	-9.93059e-11
1.9310344827586206	6.70755e-12	-9.92491e-11
1.9310344827586206	6.65071e-12	-9.91354e-11
1.9310344827586206	6.65071e-12	-9.90785e-11
2.137931034482759	6.82124e-12	-9.87375e-11
2.137931034482759	6.76439e-12	-9.87375e-11
2.137931034482759	6.76439e-12	-9.87375e-11
2.137931034482759	6.76439e-12	-9.87375e-11
2.137931034482759	6.70755e-12	-9.86806e-11
2.137931034482759	6.70755e-12	-9.86806e-11
2.137931034482759	6.70755e-12	-9.86806e-11
2.137931034482759	6.70755e-12	-9.86238e-11
2.137931034482759	6.76439e-12	-9.85669e-11
2.137931034482759	6.76439e-12	-9.85669e-11
2.344827586206897	7.1623e-12	-9.92491e-11
2.344827586206897	7.1623e-12	-9.92491e-11
2.344827586206897	7.1623e-12	-9.92491e-11
2.344827586206897	7.10546e-12	-9.93059e-11
2.344827586206897	7.04861e-12	-9.93059e-11
2.344827586206897	7.10546e-12	-9.93059e-11
2.344827586206897	7.10546e-12	-9.93059e-11
2.344827586206897	7.10546e-12	-9.92491e-11
2.344827586206897	7.10546e-12	-9.92491e-11
2.344827586206897	7.10546e-12	-9.92491e-11
2.5517241379310347	7.33286e-12	-9.93627e-11
2.5517241379310347	7.33286e-12	-9.93627e-11
2.5517241379310347	7.33286e-12	-9.93627e-11
2.5517241379310347	7.33286e-12	-9.93627e-11
2.5517241379310347	7.33286e-12	-9.93627e-11
2.5517241379310347	7.27601e-12	-9.93059e-11
2.5517241379310347	7.27601e-12	-9.93059e-11
2.5517241379310347	7.27601e-12	-9.93059e-11
2.5517241379310347	7.33286e-12	-9.93059e-11
2.5517241379310347	7.33286e-12	-9.93059e-11
2.7586206896551726	7.3897e-12	-9.94764e-11
2.7586206896551726	7.3897e-12	-9.93627e-11
2.7586206896551726	7.33286e-12	-9.93059e-11
2.7586206896551726	7.33286e-12	-9.92491e-11
2.7586206896551726	7.33286e-12	-9.91922e-11
2.7586206896551726	7.27601e-12	-9.91354e-11
2.7586206896551726	7.21914e-12	-9.91354e-11
2.7586206896551726	7.21914e-12	-9.91354e-11
2.7586206896551726	7.21914e-12	-9.91354e-11
2.7586206896551726	7.27601e-12	-9.91922e-11
2.9655172413793105	7.10546e-12	-1.00159e-10
2.9655172413793105	7.10546e-12	-1.00159e-10
2.9655172413793105	7.10546e-12	-1.00159e-10
2.9655172413793105	7.10546e-12	-1.00159e-10
2.9655172413793105	7.10546e-12	-1.00159e-10
2.9655172413793105	7.04861e-12	-1.00159e-10
2.9655172413793105	7.04861e-12	-1.00215e-10
2.9655172413793105	6.99177e-12	-1.00215e-10
2.9655172413793105	6.99177e-12	-1.00215e-10
2.9655172413793105	6.99177e-12	-1.00272e-10
3.1724137931034484	7.44654e-12	-1.01125e-10
3.1724137931034484	7.44654e-12	-1.01125e-10
3.1724137931034484	7.3897e-12	-1.01125e-10
3.1724137931034484	7.3897e-12	-1.01068e-10
3.1724137931034484	7.44654e-12	-1.01068e-10
3.1724137931034484	7.44654e-12	-1.01068e-10
3.1724137931034484	7.3897e-12	-1.01011e-10
3.1724137931034484	7.3897e-12	-1.01011e-10
3.1724137931034484	7.3897e-12	-1.00954e-10
3.1724137931034484	7.3897e-12	-1.00898e-10
3.3793103448275863	7.27601e-12	-1.00841e-10
3.3793103448275863	7.27601e-12	-1.00898e-10
3.3793103448275863	7.21914e-12	-1.00954e-10
3.3793103448275863	7.21914e-12	-1.00954e-10
3.3793103448275863	7.21914e-12	-1.00954e-10
3.3793103448275863	7.21914e-12	-1.00954e-10
3.3793103448275863	7.21914e-12	-1.00898e-10
3.3793103448275863	7.21914e-12	-1.00898e-10
3.3793103448275863	7.1623e-12	-1.00841e-10
3.3793103448275863	7.1623e-12	-1.00841e-10
3.586206896551724	7.1623e-12	-1.00727e-10
3.586206896551724	7.1623e-12	-1.00727e-10
3.586206896551724	7.1623e-12	-1.00727e-10
3.586206896551724	7.1623e-12	-1.00727e-10
3.586206896551724	7.1623e-12	-1.00727e-10
3.586206896551724	7.1623e-12	-1.00727e-10
3.586206896551724	7.10546e-12	-1.00784e-10
3.586206896551724	7.1623e-12	-1.00784e-10
3.586206896551724	7.1623e-12	-1.00784e-10
3.586206896551724	7.1623e-12	-1.00784e-10
3.793103448275862	7.27601e-12	-1.01011e-10
3.793103448275862	7.33286e-12	-1.01011e-10
3.793103448275862	7.3897e-12	-1.01068e-10
3.793103448275862	7.44654e-12	-1.01068e-10
3.793103448275862	7.44654e-12	-1.01068e-10
3.793103448275862	7.44654e-12	-1.01068e-10
3.793103448275862	7.44654e-12	-1.01068e-10
3.793103448275862	7.3897e-12	-1.01068e-10
3.793103448275862	7.33286e-12	-1.01125e-10
3.793103448275862	7.33286e-12	-1.01068e-10
4.0	7.21914e-12	-1.01011e-10
4.0	7.21914e-12	-1.01068e-10
4.0	7.21914e-12	-1.01068e-10
4.0	7.21914e-12	-1.01068e-10
4.0	7.21914e-12	-1.01011e-10
4.0	7.21914e-12	-1.01011e-10
4.0	7.21914e-12	-1.00954e-10
4.0	7.1623e-12	-1.00898e-10
4.0	7.10546e-12	-1.00898e-10
4.0	7.10546e-12	-1.00841e-10
