	0
0	"[-5.    -4.375 -3.75  -3.125 -2.5   -1.875 -1.25  -0.625  0.     0.625
  1.25   1.875  2.5    3.125  3.75   4.375  5.     5.625  6.25   6.875
  7.5    8.125  8.75   9.375 10.   ]"
1	"[-1.00613e-10 -9.01541e-11 -8.87899e-11 -8.76530e-11 -8.54929e-11
 -8.41287e-11 -8.40150e-11 -8.67435e-11 -8.37876e-11 -8.93583e-11
 -9.09499e-11 -9.78848e-11 -1.04820e-10 -1.14028e-10 -1.20623e-10
 -1.26648e-10 -1.32219e-10 -1.37448e-10 -1.41427e-10 -1.45406e-10
 -1.48703e-10 -1.51432e-10 -1.55752e-10 -1.58367e-10 -1.63142e-10]"
2	"[1.10049e-10 1.13233e-10 1.06411e-10 1.03455e-10 9.25415e-11 8.67435e-11
 8.74256e-11 1.11755e-10 8.65161e-11 1.23920e-10 1.14938e-10 8.51519e-11
 1.00727e-10 9.92491e-11 9.33373e-11 9.07225e-11 8.87899e-11 8.76530e-11
 8.82214e-11 8.70846e-11 8.43561e-11 8.40150e-11 8.20823e-11 8.07181e-11
 8.40150e-11]"
