	0
0	"[-2.5        -2.35416667 -2.20833333 -2.0625     -1.91666667 -1.77083333
 -1.625      -1.47916667 -1.33333333 -1.1875     -1.04166667 -0.89583333
 -0.75       -0.60416667 -0.45833333 -0.3125     -0.16666667 -0.02083333
  0.125       0.27083333  0.41666667  0.5625      0.70833333  0.85416667
  1.        ]"
1	"[-3.34127e-10 -9.62932e-11 -9.32237e-11 -9.23142e-11 -8.93583e-11
 -8.68572e-11 -8.68572e-11 -8.54929e-11 -8.57203e-11 -8.45835e-11
 -8.37876e-11 -8.27645e-11 -8.17413e-11 -7.99223e-11 -8.17413e-11
 -8.34466e-11 -8.60614e-11 -8.74256e-11 -9.06089e-11 -9.41331e-11
 -9.62932e-11 -1.01295e-10 -1.07207e-10 -1.12437e-10 -1.20282e-10]"
2	"[2.08048e-11 1.08230e-10 1.07321e-10 1.06866e-10 9.91354e-11 8.90172e-11
 8.60614e-11 9.07225e-11 9.26552e-11 9.12910e-11 9.39058e-11 9.53837e-11
 9.52700e-11 9.23142e-11 1.05388e-10 1.13119e-10 1.14824e-10 1.15734e-10
 1.15052e-10 1.10504e-10 1.07662e-10 1.05047e-10 1.01523e-10 9.89080e-11
 1.02773e-10]"
