	0
0	"[-5.    -4.375 -3.75  -3.125 -2.5   -1.875 -1.25  -0.625  0.     0.625
  1.25   1.875  2.5    3.125  3.75   4.375  5.     5.625  6.25   6.875
  7.5    8.125  8.75   9.375 10.   ]"
1	"[-1.08856e-09 -1.10675e-10 -1.02887e-10 -9.89648e-11 -9.59806e-11
 -9.10920e-11 -8.69425e-11 -8.39298e-11 -8.67719e-11 -1.42081e-10
 -2.38886e-10 -3.44416e-10 -4.42187e-10 -5.28193e-10 -6.07205e-10
 -6.72461e-10 -7.30669e-10 -7.86489e-10 -8.34465e-10 -8.79371e-10
 -9.20753e-10 -9.61116e-10 -1.00068e-09 -1.03285e-09 -1.06423e-09]"
2	"[-2.78535e-10  8.02065e-11  8.53793e-11  8.62035e-11  8.75962e-11
  8.65445e-11  8.76814e-11  9.23426e-11  9.14899e-11  7.19358e-11
  3.56979e-11 -3.97907e-12 -3.67779e-11 -6.69620e-11 -9.26552e-11
 -1.18235e-10 -1.40859e-10 -1.64506e-10 -1.77466e-10 -1.91904e-10
 -2.09071e-10 -2.20212e-10 -2.26806e-10 -2.43746e-10 -2.58071e-10]"
