	0
0	"[-5.    -4.375 -3.75  -3.125 -2.5   -1.875 -1.25  -0.625  0.     0.625
  1.25   1.875  2.5    3.125  3.75   4.375  5.     5.625  6.25   6.875
  7.5    8.125  8.75   9.375 10.   ]"
1	"[-2.04637e-10 -9.25415e-11 -9.22005e-11 -9.19731e-11 -9.04952e-11
 -8.61751e-11 -8.43561e-11 -8.09455e-11 -8.01497e-11 -1.02546e-10
 -1.57457e-10 -2.16915e-10 -2.69667e-10 -3.10935e-10 -3.50271e-10
 -3.86423e-10 -4.16550e-10 -4.42585e-10 -4.67370e-10 -4.90335e-10
 -5.11481e-10 -5.30807e-10 -5.49338e-10 -5.67869e-10 -5.83899e-10]"
2	"[ 8.46971e-11  1.25170e-10  1.22555e-10  1.26421e-10  1.24033e-10
  1.15620e-10  1.20168e-10  1.22214e-10  1.27330e-10  1.14938e-10
  9.02678e-11  5.62752e-11  3.84264e-11  1.12551e-11  3.86538e-12
 -4.88856e-12 -1.90995e-11 -2.80808e-11 -3.46747e-11 -4.57023e-11
 -4.95677e-11 -5.45699e-11 -5.88902e-11 -6.30966e-11 -5.76394e-11]"
