	0
0	"[-2.5        -2.35416667 -2.20833333 -2.0625     -1.91666667 -1.77083333
 -1.625      -1.47916667 -1.33333333 -1.1875     -1.04166667 -0.89583333
 -0.75       -0.60416667 -0.45833333 -0.3125     -0.16666667 -0.02083333
  0.125       0.27083333  0.41666667  0.5625      0.70833333  0.85416667
  1.        ]"
1	"[-1.29149e-10 -8.71982e-11 -8.66298e-11 -8.71982e-11 -8.74256e-11
 -9.01541e-11 -9.04952e-11 -9.03815e-11 -8.96994e-11 -8.93583e-11
 -9.01541e-11 -9.00404e-11 -8.86762e-11 -8.91309e-11 -8.99267e-11
 -8.68572e-11 -8.67435e-11 -8.56066e-11 -8.71982e-11 -8.61751e-11
 -8.53793e-11 -8.59477e-11 -8.60614e-11 -8.74256e-11 -8.68572e-11]"
2	"[8.36740e-11 9.90217e-11 9.72027e-11 1.00159e-10 9.97038e-11 1.14483e-10
 1.15165e-10 1.14256e-10 1.14028e-10 1.13119e-10 1.15165e-10 1.17098e-10
 1.13574e-10 1.15961e-10 1.19486e-10 1.11868e-10 1.11755e-10 1.04933e-10
 1.09822e-10 1.07321e-10 1.00386e-10 1.01182e-10 1.03569e-10 1.04592e-10
 1.01523e-10]"
