	0
0	"[-5.    -4.375 -3.75  -3.125 -2.5   -1.875 -1.25  -0.625  0.     0.625
  1.25   1.875  2.5    3.125  3.75   4.375  5.     5.625  6.25   6.875
  7.5    8.125  8.75   9.375 10.   ]"
1	"[-3.10139e-10 -9.06089e-11 -9.17457e-11 -9.08362e-11 -9.11773e-11
 -9.20868e-11 -9.52700e-11 -9.44742e-11 -8.83351e-11 -9.28826e-11
 -1.15279e-10 -1.46202e-10 -1.68826e-10 -1.91336e-10 -2.00886e-10
 -2.41927e-10 -2.41700e-10 -2.55797e-10 -2.67280e-10 -2.78989e-10
 -2.90017e-10 -2.98884e-10 -3.08093e-10 -3.15028e-10 -3.23327e-10]"
2	"[2.95588e-11 1.09481e-10 1.10845e-10 1.09822e-10 1.10504e-10 1.08458e-10
 1.21418e-10 1.15052e-10 8.81077e-11 8.87899e-11 8.70846e-11 8.28781e-11
 6.63936e-11 6.18461e-11 6.13913e-11 4.32012e-11 4.03590e-11 3.56979e-11
 3.28557e-11 2.87629e-11 2.47838e-11 2.34196e-11 1.72805e-11 1.39835e-11
 1.21645e-11]"
