	0
0	"[-2.5        -2.35416667 -2.20833333 -2.0625     -1.91666667 -1.77083333
 -1.625      -1.47916667 -1.33333333 -1.1875     -1.04166667 -0.89583333
 -0.75       -0.60416667 -0.45833333 -0.3125     -0.16666667 -0.02083333
  0.125       0.27083333  0.41666667  0.5625      0.70833333  0.85416667
  1.        ]"
1	"[-6.88832e-10 -1.17667e-10 -1.04820e-10 -9.85669e-11 -9.41331e-11
 -9.09499e-11 -8.86762e-11 -8.52656e-11 -8.37876e-11 -8.24234e-11
 -8.17413e-11 -7.95812e-11 -7.93539e-11 -8.04907e-11 -7.95812e-11
 -8.42424e-11 -8.90172e-11 -9.78848e-11 -1.10163e-10 -1.24943e-10
 -1.38130e-10 -1.55752e-10 -1.67234e-10 -1.83946e-10 -2.01113e-10]"
2	"[-1.10845e-10  1.03683e-10  1.05616e-10  1.09822e-10  1.09481e-10
  1.11186e-10  1.12550e-10  1.06980e-10  1.07093e-10  1.07548e-10
  1.08117e-10  1.08685e-10  1.07093e-10  1.05161e-10  1.03910e-10
  1.00386e-10  1.00613e-10  9.74301e-11  9.19731e-11  9.59521e-11
  8.73119e-11  8.01497e-11  6.52567e-11  5.62752e-11  4.97951e-11]"
