	0
0	"[-2.5        -2.35416667 -2.20833333 -2.0625     -1.91666667 -1.77083333
 -1.625      -1.47916667 -1.33333333 -1.1875     -1.04166667 -0.89583333
 -0.75       -0.60416667 -0.45833333 -0.3125     -0.16666667 -0.02083333
  0.125       0.27083333  0.41666667  0.5625      0.70833333  0.85416667
  1.        ]"
1	"[-5.90038e-10 -1.05843e-10 -9.98175e-11 -9.44742e-11 -9.20868e-11
 -9.11773e-11 -8.89036e-11 -8.58340e-11 -8.43561e-11 -8.39013e-11
 -8.33329e-11 -8.28781e-11 -8.20823e-11 -8.25371e-11 -8.06044e-11
 -8.29918e-11 -8.45835e-11 -9.06089e-11 -1.00159e-10 -1.11755e-10
 -1.23806e-10 -1.38017e-10 -1.51887e-10 -1.70076e-10 -1.86220e-10]"
2	"[-7.10547e-11  1.06639e-10  1.12550e-10  1.08117e-10  1.09708e-10
  1.11300e-10  1.08458e-10  1.02660e-10  1.05047e-10  1.07207e-10
  1.13119e-10  1.17212e-10  1.16871e-10  1.25625e-10  1.15734e-10
  1.17098e-10  1.12096e-10  1.03455e-10  9.51563e-11  9.57248e-11
  8.66298e-11  7.34421e-11  7.27600e-11  8.17413e-11  8.14002e-11]"
