	0
0	"[-2.5        -2.35416667 -2.20833333 -2.0625     -1.91666667 -1.77083333
 -1.625      -1.47916667 -1.33333333 -1.1875     -1.04166667 -0.89583333
 -0.75       -0.60416667 -0.45833333 -0.3125     -0.16666667 -0.02083333
  0.125       0.27083333  0.41666667  0.5625      0.70833333  0.85416667
  1.        ]"
1	"[-1.05457e-09 -1.35061e-10 -1.11868e-10 -1.00159e-10 -9.34510e-11
 -9.06089e-11 -8.48108e-11 -8.39013e-11 -8.32192e-11 -8.26508e-11
 -8.24234e-11 -8.19687e-11 -8.45835e-11 -8.66298e-11 -8.78804e-11
 -9.74301e-11 -1.06070e-10 -1.19145e-10 -1.40404e-10 -1.58026e-10
 -1.80422e-10 -2.06684e-10 -2.27716e-10 -2.53410e-10 -2.78193e-10]"
2	"[-2.60799e-10  7.91265e-11  9.11773e-11  9.50426e-11  9.97038e-11
  1.03001e-10  9.77711e-11  1.00272e-10  1.09140e-10  1.11186e-10
  1.09822e-10  1.13460e-10  1.12096e-10  1.16416e-10  1.13915e-10
  1.11868e-10  1.09481e-10  1.00727e-10  9.75438e-11  9.22005e-11
  7.94675e-11  7.79896e-11  7.01452e-11  5.77531e-11  5.26372e-11]"
