	0
0	"[-5.    -4.375 -3.75  -3.125 -2.5   -1.875 -1.25  -0.625  0.     0.625
  1.25   1.875  2.5    3.125  3.75   4.375  5.     5.625  6.25   6.875
  7.5    8.125  8.75   9.375 10.   ]"
1	"[-2.20099e-10 -8.66298e-11 -8.58340e-11 -8.54929e-11 -8.37876e-11
 -8.14002e-11 -7.85580e-11 -7.68527e-11 -7.74212e-11 -1.08230e-10
 -1.74851e-10 -2.40108e-10 -3.00362e-10 -3.53795e-10 -3.99270e-10
 -4.39288e-10 -4.74191e-10 -5.05910e-10 -5.34786e-10 -5.62299e-10
 -5.86969e-10 -6.11070e-10 -6.31420e-10 -6.52452e-10 -6.70870e-10]"
2	"[ 6.17324e-11  1.10504e-10  1.07435e-10  1.08117e-10  1.08230e-10
  1.09253e-10  1.10845e-10  1.10959e-10  1.07321e-10  9.29963e-11
  7.34421e-11  4.68392e-11  2.10322e-11  2.72850e-12 -1.52341e-11
 -2.96725e-11 -4.03590e-11 -5.35467e-11 -6.38924e-11 -7.51474e-11
 -8.10592e-11 -8.82214e-11 -9.54974e-11 -1.04024e-10 -1.08458e-10]"
