	0
0	"[-10.          -9.11111111  -8.22222222  -7.33333333  -6.44444444
  -5.55555556  -4.66666667  -3.77777778  -2.88888889  -2.
  -2.          -1.55555556  -1.11111111  -0.66666667  -0.22222222
   0.22222222   0.66666667   1.11111111   1.55555556   2.
   2.           2.88888889   3.77777778   4.66666667   5.55555556
   6.44444444   7.33333333   8.22222222   9.11111111  10.        ]"
1	"[-8.46403e-11 -8.04623e-11 -7.90412e-11 -7.97802e-11 -8.02634e-11
 -7.92117e-11 -7.38400e-11 -6.47167e-11 -6.77862e-11 -7.03442e-11
 -6.69904e-11 -6.71041e-11 -6.27556e-11 -6.13629e-11 -6.29830e-11
 -6.80704e-11 -8.75962e-11 -1.16416e-10 -1.43502e-10 -1.68286e-10
 -1.79882e-10 -1.89943e-10 -2.26721e-10 -2.54945e-10 -2.65176e-10
 -2.83508e-10 -2.99766e-10 -3.17302e-10 -3.31001e-10 -3.43791e-10]"
2	"[ 5.86629e-11  5.99418e-11  5.80374e-11  5.74689e-11  5.80089e-11
  5.72131e-11  5.74689e-11  5.82934e-11  5.90039e-11  5.88334e-11
  6.11071e-11  5.96576e-11  5.63605e-11  5.86344e-11  6.12208e-11
  5.93734e-11  5.16709e-11  4.07570e-11  2.99851e-11  2.17996e-11
  1.74795e-11  1.38414e-11  8.81076e-13 -9.00974e-12 -1.24772e-11
 -1.98669e-11 -2.58923e-11 -3.20883e-11 -3.70906e-11 -3.96485e-11]"
